HIEROBJ  EWORLD                                             NONE                
ROOT                                                                            
1.0000000000000E+00 0.000000000000E+00  0.000000000000E+00  0.000000000000E+00  
0.000000000000E+00  1.0000000000000E+00 0.000000000000E+00  0.000000000000E+00  
0.000000000000E+00  0.000000000000E+00  1.0000000000000E+00 0.000000000000E+00  
0.000000000000E+00  0.000000000000E+00  0.000000000000E+00  1.0000000000000E+00 
HIEROBJ  EHIEROBJECT1                                       NONE                
BODYNCBF  WORLD                                   BODY1                         
1.0000000000000E+00 0.000000000000E+00  0.000000000000E+00  0.000000000000E+00  
0.000000000000E+00  1.0000000000000E+00 0.000000000000E+00  0.000000000000E+00  
0.000000000000E+00  0.000000000000E+00  1.0000000000000E+00 0.000000000000E+00  
0.000000000000E+00  0.000000000000E+00  0.000000000000E+00  1.0000000000000E+00 
HIEROBJ  EHIEROBJECT2                                       NONE                
CGTRIAD   HIEROBJECT1                                                           
-9.487594199685E-04 -6.563725333939E-03 9.9997800844084E-01 0.000000000000E+00  
9.9999930605878E-01 -7.045947476458E-04 9.4415475862516E-04 0.000000000000E+00  
6.9838208000036E-04 9.9997821029060E-01 6.5643892700040E-03 0.000000000000E+00  
-2.588022285500E-01 -2.108911957000E-02 -1.631403990000E-03 1.0000000000000E+00 
HIEROBJ  EHIEROBJECT3                                       NONE                
BODYNCBF  WORLD                                   BODY2                         
1.0000000000000E+00 0.000000000000E+00  0.000000000000E+00  0.000000000000E+00  
0.000000000000E+00  1.0000000000000E+00 0.000000000000E+00  0.000000000000E+00  
0.000000000000E+00  0.000000000000E+00  1.0000000000000E+00 0.000000000000E+00  
0.000000000000E+00  0.000000000000E+00  0.000000000000E+00  1.0000000000000E+00 
HIEROBJ  EHIEROBJECT4                                       NONE                
CGTRIAD   HIEROBJECT3                                                           
4.1091761092168E-03 2.5948800747086E-01 9.6573758788322E-01 0.000000000000E+00  
2.0681945919131E-07 9.6574574116404E-01 -2.594901990895E-01 0.000000000000E+00  
-9.999915573002E-01 1.0664906599999E-03 3.9683656599997E-03 0.000000000000E+00  
-2.860420492900E-01 -4.419821048000E-02 1.7520604370000E-02 1.0000000000000E+00 
HIEROBJ  EHIEROBJECT5                                       NONE                
BODYNCBF  WORLD                                   BODY3                         
1.0000000000000E+00 0.000000000000E+00  0.000000000000E+00  0.000000000000E+00  
0.000000000000E+00  1.0000000000000E+00 0.000000000000E+00  0.000000000000E+00  
0.000000000000E+00  0.000000000000E+00  1.0000000000000E+00 0.000000000000E+00  
0.000000000000E+00  0.000000000000E+00  0.000000000000E+00  1.0000000000000E+00 
HIEROBJ  EHIEROBJECT6                                       NONE                
CGTRIAD   HIEROBJECT5                                                           
9.9999999524611E-01 -1.983136581829E-05 -9.546983879294E-05 0.000000000000E+00  
9.7507810908224E-05 2.0339357556204E-01 9.7909705540989E-01 0.000000000000E+00  
1.1199929872355E-09 -9.790970600644E-01 2.0339357652884E-01 0.000000000000E+00  
-2.563262053500E-01 -4.420337541000E-02 1.7501781480000E-02 1.0000000000000E+00 
HIEROBJ  EHIEROBJECT7                                       NONE                
BODYNCBF  WORLD                                   BODY4                         
1.0000000000000E+00 0.000000000000E+00  0.000000000000E+00  0.000000000000E+00  
0.000000000000E+00  1.0000000000000E+00 0.000000000000E+00  0.000000000000E+00  
0.000000000000E+00  0.000000000000E+00  1.0000000000000E+00 0.000000000000E+00  
0.000000000000E+00  0.000000000000E+00  0.000000000000E+00  1.0000000000000E+00 
HIEROBJ  EHIEROBJECT8                                       NONE                
CGTRIAD   HIEROBJECT7                                                           
9.9999954500406E-01 -9.183976203599E-04 -2.579486087303E-04 0.000000000000E+00  
9.5393483730731E-04 9.6274620633454E-01 2.7040494114710E-01 0.000000000000E+00  
-2.099986851079E-10 -2.704050641801E-01 9.6274664438041E-01 0.000000000000E+00  
-2.369005303300E-01 -5.198447040000E-03 1.7501488150000E-02 1.0000000000000E+00 
HIEROBJ  EHIEROBJECT9                                       NONE                
BODYNCBF  WORLD                                   BODY5                         
1.0000000000000E+00 0.000000000000E+00  0.000000000000E+00  0.000000000000E+00  
0.000000000000E+00  1.0000000000000E+00 0.000000000000E+00  0.000000000000E+00  
0.000000000000E+00  0.000000000000E+00  1.0000000000000E+00 0.000000000000E+00  
0.000000000000E+00  0.000000000000E+00  0.000000000000E+00  1.0000000000000E+00 
HIEROBJ  EHIEROBJECT10                                      NONE                
CGTRIAD   HIEROBJECT9                                                           
9.9999999524623E-01 -6.691829295214E-05 7.0918797213392E-05 0.000000000000E+00  
-9.750658299531E-05 -6.863066876090E-01 7.2731225827397E-01 0.000000000000E+00  
1.5500378758337E-09 -7.273122617315E-01 -6.863066908715E-01 0.000000000000E+00  
-2.763262053500E-01 -5.202496740000E-03 1.7498676640000E-02 1.0000000000000E+00 
HIEROBJ  EHIEROBJECT11                                      NONE                
BODYNCBF  WORLD                                   BODY6                         
1.0000000000000E+00 0.000000000000E+00  0.000000000000E+00  0.000000000000E+00  
0.000000000000E+00  1.0000000000000E+00 0.000000000000E+00  0.000000000000E+00  
0.000000000000E+00  0.000000000000E+00  1.0000000000000E+00 0.000000000000E+00  
0.000000000000E+00  0.000000000000E+00  0.000000000000E+00  1.0000000000000E+00 
HIEROBJ  EHIEROBJECT12                                      NONE                
CGTRIAD   HIEROBJECT11                                                          
1.0000000000000E+00 0.000000000000E+00  0.000000000000E+00  0.000000000000E+00  
0.000000000000E+00  1.0000000000000E+00 0.000000000000E+00  0.000000000000E+00  
0.000000000000E+00  0.000000000000E+00  1.0000000000000E+00 0.000000000000E+00  
0.000000000000E+00  0.000000000000E+00  0.000000000000E+00  1.0000000000000E+00 
HIEROBJ  EHIEROBJECT13                                      NONE                
JFCTRIAD  HIEROBJECT1                                                           
-9.487594199686E-04 -6.563725333939E-03 9.9997800844084E-01 0.000000000000E+00  
9.9999930605878E-01 -7.045947476457E-04 9.4415475862531E-04 0.000000000000E+00  
6.9838208000028E-04 9.9997821029060E-01 6.5643892700038E-03 0.000000000000E+00  
0.000000000000E+00  0.000000000000E+00  0.000000000000E+00  1.0000000000000E+00 
HIEROBJ  EHIEROBJECT14                                      NONE                
JFCTRIAD  HIEROBJECT1                                                           
-9.487594199686E-04 -6.563725333939E-03 9.9997800844084E-01 0.000000000000E+00  
9.9999930605878E-01 -7.045947476457E-04 9.4415475862531E-04 0.000000000000E+00  
6.9838208000028E-04 9.9997821029060E-01 6.5643892700038E-03 0.000000000000E+00  
-2.588022285500E-01 -2.108911957000E-02 -1.631403990000E-03 1.0000000000000E+00 
HIEROBJ  EHIEROBJECT15                                      NONE                
JFCTRIAD  HIEROBJECT1                                                           
1.0000000000000E+00 0.000000000000E+00  0.000000000000E+00  0.000000000000E+00  
0.000000000000E+00  1.0000000000000E+00 0.000000000000E+00  0.000000000000E+00  
0.000000000000E+00  0.000000000000E+00  1.0000000000000E+00 0.000000000000E+00  
-2.695589494168E-01 -9.766249226862E-03 -1.750000000000E-02 1.0000000000000E+00 
HIEROBJ  EHIEROBJECT16                                      NONE                
JFCTRIAD  HIEROBJECT3                                                           
4.1091761092164E-03 2.5948800747086E-01 9.6573758788322E-01 0.000000000000E+00  
2.0681945924221E-07 9.6574574116404E-01 -2.594901990895E-01 0.000000000000E+00  
-9.999915573002E-01 1.0664906599999E-03 3.9683656599994E-03 0.000000000000E+00  
0.000000000000E+00  0.000000000000E+00  0.000000000000E+00  1.0000000000000E+00 
HIEROBJ  EHIEROBJECT17                                      NONE                
JFCTRIAD  HIEROBJECT3                                                           
4.1091761092164E-03 2.5948800747086E-01 9.6573758788322E-01 0.000000000000E+00  
2.0681945924221E-07 9.6574574116404E-01 -2.594901990895E-01 0.000000000000E+00  
-9.999915573002E-01 1.0664906599999E-03 3.9683656599994E-03 0.000000000000E+00  
-2.860420492900E-01 -4.419821048000E-02 1.7520604370000E-02 1.0000000000000E+00 
HIEROBJ  EHIEROBJECT18                                      NONE                
JFCTRIAD  HIEROBJECT3                                                           
2.2204460492503E-16 0.000000000000E+00  -1.000000000000E+00 0.000000000000E+00  
0.000000000000E+00  1.0000000000000E+00 0.000000000000E+00  0.000000000000E+00  
1.0000000000000E+00 0.000000000000E+00  2.2204460492503E-16 0.000000000000E+00  
-2.938114163030E-01 -4.420374549010E-02 1.7499999999998E-02 1.0000000000000E+00 
HIEROBJ  EHIEROBJECT19                                      NONE                
JFCTRIAD  HIEROBJECT5                                                           
2.2204460492503E-16 0.000000000000E+00  -1.000000000000E+00 0.000000000000E+00  
0.000000000000E+00  1.0000000000000E+00 0.000000000000E+00  0.000000000000E+00  
1.0000000000000E+00 0.000000000000E+00  2.2204460492503E-16 0.000000000000E+00  
-2.488114163030E-01 -4.420374549010E-02 1.7500000000000E-02 1.0000000000000E+00 
HIEROBJ  EHIEROBJECT20                                      NONE                
JFCTRIAD  HIEROBJECT5                                                           
9.9999999524611E-01 -1.983136581829E-05 -9.546983879294E-05 0.000000000000E+00  
9.7507810908224E-05 2.0339357556204E-01 9.7909705540989E-01 0.000000000000E+00  
1.1199929872419E-09 -9.790970600644E-01 2.0339357652884E-01 0.000000000000E+00  
0.000000000000E+00  0.000000000000E+00  0.000000000000E+00  1.0000000000000E+00 
HIEROBJ  EHIEROBJECT21                                      NONE                
JFCTRIAD  HIEROBJECT5                                                           
9.9999999524611E-01 -1.983136581829E-05 -9.546983879294E-05 0.000000000000E+00  
9.7507810908224E-05 2.0339357556204E-01 9.7909705540989E-01 0.000000000000E+00  
1.1199929872419E-09 -9.790970600644E-01 2.0339357652884E-01 0.000000000000E+00  
-2.563262053500E-01 -4.420337541000E-02 1.7501781480000E-02 1.0000000000000E+00 
HIEROBJ  EHIEROBJECT22                                      NONE                
JFCTRIAD  HIEROBJECT7                                                           
2.2204460492503E-16 0.000000000000E+00  1.0000000000000E+00 0.000000000000E+00  
0.000000000000E+00  1.0000000000000E+00 0.000000000000E+00  0.000000000000E+00  
-1.000000000000E+00 0.000000000000E+00  2.2204460492503E-16 0.000000000000E+00  
-2.388114163030E-01 -5.203745490105E-03 1.7500000000000E-02 1.0000000000000E+00 
HIEROBJ  EHIEROBJECT23                                      NONE                
JFCTRIAD  HIEROBJECT7                                                           
9.9999954500406E-01 -9.183976203599E-04 -2.579486087303E-04 0.000000000000E+00  
9.5393483730731E-04 9.6274620633454E-01 2.7040494114710E-01 0.000000000000E+00  
-2.099986851078E-10 -2.704050641801E-01 9.6274664438041E-01 0.000000000000E+00  
0.000000000000E+00  0.000000000000E+00  0.000000000000E+00  1.0000000000000E+00 
HIEROBJ  EHIEROBJECT24                                      NONE                
JFCTRIAD  HIEROBJECT7                                                           
9.9999954500406E-01 -9.183976203599E-04 -2.579486087303E-04 0.000000000000E+00  
9.5393483730731E-04 9.6274620633454E-01 2.7040494114710E-01 0.000000000000E+00  
-2.099986851078E-10 -2.704050641801E-01 9.6274664438041E-01 0.000000000000E+00  
-2.369005303300E-01 -5.198447040000E-03 1.7501488150000E-02 1.0000000000000E+00 
HIEROBJ  EHIEROBJECT25                                      NONE                
JFCTRIAD  HIEROBJECT9                                                           
2.2204460492503E-16 0.000000000000E+00  1.0000000000000E+00 0.000000000000E+00  
0.000000000000E+00  1.0000000000000E+00 0.000000000000E+00  0.000000000000E+00  
-1.000000000000E+00 0.000000000000E+00  2.2204460492503E-16 0.000000000000E+00  
-2.688114163030E-01 -5.203745490105E-03 1.7500000000000E-02 1.0000000000000E+00 
HIEROBJ  EHIEROBJECT26                                      NONE                
JFCTRIAD  HIEROBJECT9                                                           
9.9999999524623E-01 -6.691829295214E-05 7.0918797213392E-05 0.000000000000E+00  
-9.750658299531E-05 -6.863066876090E-01 7.2731225827397E-01 0.000000000000E+00  
1.5500378758372E-09 -7.273122617315E-01 -6.863066908715E-01 0.000000000000E+00  
0.000000000000E+00  0.000000000000E+00  0.000000000000E+00  1.0000000000000E+00 
HIEROBJ  EHIEROBJECT27                                      NONE                
JFCTRIAD  HIEROBJECT9                                                           
9.9999999524623E-01 -6.691829295215E-05 7.0918797213392E-05 0.000000000000E+00  
-9.750658299531E-05 -6.863066876090E-01 7.2731225827397E-01 0.000000000000E+00  
1.5500378758304E-09 -7.273122617315E-01 -6.863066908715E-01 0.000000000000E+00  
-2.763262053500E-01 -5.202496740000E-03 1.7498676640000E-02 1.0000000000000E+00 
HIEROBJ  EHIEROBJECT28                                      NONE                
JFCTRIAD  HIEROBJECT11                                                          
2.2204460492503E-16 0.000000000000E+00  -1.000000000000E+00 0.000000000000E+00  
0.000000000000E+00  1.0000000000000E+00 0.000000000000E+00  0.000000000000E+00  
1.0000000000000E+00 0.000000000000E+00  2.2204460492503E-16 0.000000000000E+00  
-2.938114163030E-01 -4.420374549010E-02 1.7499999999998E-02 1.0000000000000E+00 
HIEROBJ  EHIEROBJECT29                                      NONE                
JFCTRIAD  HIEROBJECT11                                                          
2.2204460492503E-16 0.000000000000E+00  1.0000000000000E+00 0.000000000000E+00  
0.000000000000E+00  1.0000000000000E+00 0.000000000000E+00  0.000000000000E+00  
-1.000000000000E+00 0.000000000000E+00  2.2204460492503E-16 0.000000000000E+00  
-2.688114163030E-01 -5.203745490105E-03 1.7500000000000E-02 1.0000000000000E+00 
HIEROBJ  EHIEROBJECT30                                      NONE                
JFCTRIAD  HIEROBJECT11                                                          
2.2204460492503E-16 0.000000000000E+00  -1.000000000000E+00 0.000000000000E+00  
0.000000000000E+00  1.0000000000000E+00 0.000000000000E+00  0.000000000000E+00  
1.0000000000000E+00 0.000000000000E+00  2.2204460492503E-16 0.000000000000E+00  
-2.488114163030E-01 -4.420374549010E-02 1.7500000000000E-02 1.0000000000000E+00 
HIEROBJ  EHIEROBJECT31                                      NONE                
JFCTRIAD  HIEROBJECT11                                                          
2.2204460492503E-16 0.000000000000E+00  1.0000000000000E+00 0.000000000000E+00  
0.000000000000E+00  1.0000000000000E+00 0.000000000000E+00  0.000000000000E+00  
-1.000000000000E+00 0.000000000000E+00  2.2204460492503E-16 0.000000000000E+00  
-2.388114163030E-01 -5.203745490105E-03 1.7500000000000E-02 1.0000000000000E+00 
HIEROBJ  EHIEROBJECT32                                      NONE                
JFCTRIAD  HIEROBJECT11                                                          
1.0000000000000E+00 0.000000000000E+00  0.000000000000E+00  0.000000000000E+00  
0.000000000000E+00  1.0000000000000E+00 0.000000000000E+00  0.000000000000E+00  
0.000000000000E+00  0.000000000000E+00  1.0000000000000E+00 0.000000000000E+00  
-2.695589494168E-01 -9.766249226862E-03 -1.750000000000E-02 1.0000000000000E+00 
HIEROBJ  EHIEROBJECT33                                      NONE                
JFCTRIAD  HIEROBJECT11                                                          
1.0000000000000E+00 0.000000000000E+00  0.000000000000E+00  0.000000000000E+00  
0.000000000000E+00  1.0000000000000E+00 0.000000000000E+00  0.000000000000E+00  
0.000000000000E+00  0.000000000000E+00  1.0000000000000E+00 0.000000000000E+00  
0.000000000000E+00  0.000000000000E+00  0.000000000000E+00  1.0000000000000E+00 
NAMEMAP   WORLD               5    5    UTF8 UTF8 ELEMENT                       
WORLD                                                                           
WORLD                                                                           
NAMEMAP   HIEROBJECT1         20   20   UTF8 UTF8 ELEMENT                       
Housing/Housing_NCBF                                                            
Housing/Housing_NCBF                                                            
NAMEMAP   HIEROBJECT2         18   18   UTF8 UTF8 ELEMENT                       
Housing/Housing_cm                                                              
Housing/Housing_cm                                                              
NAMEMAP   HIEROBJECT3         46   46   UTF8 UTF8 ELEMENT                       
Input_shaft_and_gear/Input_shaft_and_gear_NCBF                                  
Input_shaft_and_gear/Input_shaft_and_gear_NCBF                                  
NAMEMAP   HIEROBJECT4         44   44   UTF8 UTF8 ELEMENT                       
Input_shaft_and_gear/Input_shaft_and_gear_cm                                    
Input_shaft_and_gear/Input_shaft_and_gear_cm                                    
NAMEMAP   HIEROBJECT5         50   50   UTF8 UTF8 ELEMENT                       
Middle_shaft_and_gears/Middle_shaft_and_gears_NCBF                              
Middle_shaft_and_gears/Middle_shaft_and_gears_NCBF                              
NAMEMAP   HIEROBJECT6         48   48   UTF8 UTF8 ELEMENT                       
Middle_shaft_and_gears/Middle_shaft_and_gears_cm                                
Middle_shaft_and_gears/Middle_shaft_and_gears_cm                                
NAMEMAP   HIEROBJECT7         48   48   UTF8 UTF8 ELEMENT                       
Output_shaft_and_gear/Output_shaft_and_gear_NCBF                                
Output_shaft_and_gear/Output_shaft_and_gear_NCBF                                
NAMEMAP   HIEROBJECT8         46   46   UTF8 UTF8 ELEMENT                       
Output_shaft_and_gear/Output_shaft_and_gear_cm                                  
Output_shaft_and_gear/Output_shaft_and_gear_cm                                  
NAMEMAP   HIEROBJECT9         48   48   UTF8 UTF8 ELEMENT                       
Speed_shaft_and_gears/Speed_shaft_and_gears_NCBF                                
Speed_shaft_and_gears/Speed_shaft_and_gears_NCBF                                
NAMEMAP   HIEROBJECT10        46   46   UTF8 UTF8 ELEMENT                       
Speed_shaft_and_gears/Speed_shaft_and_gears_cm                                  
Speed_shaft_and_gears/Speed_shaft_and_gears_cm                                  
NAMEMAP   HIEROBJECT11        26   26   UTF8 UTF8 ELEMENT                       
the_ground/the_ground_NCBF                                                      
the_ground/the_ground_NCBF                                                      
NAMEMAP   HIEROBJECT12        13   13   UTF8 UTF8 ELEMENT                       
the_ground_cm                                                                   
the_ground_cm                                                                   
NAMEMAP   HIEROBJECT13        19   19   UTF8 UTF8 ELEMENT                       
Housing/Housing_coi                                                             
Housing/Housing_coi                                                             
NAMEMAP   HIEROBJECT14        19   19   UTF8 UTF8 ELEMENT                       
Housing/Housing_com                                                             
Housing/Housing_com                                                             
NAMEMAP   HIEROBJECT15        7    22   UTF8 UTF8 ELEMENT                       
123/240                                                                         
Housing/fixa_housing_i                                                          
NAMEMAP   HIEROBJECT16        45   45   UTF8 UTF8 ELEMENT                       
Input_shaft_and_gear/Input_shaft_and_gear_coi                                   
Input_shaft_and_gear/Input_shaft_and_gear_coi                                   
NAMEMAP   HIEROBJECT17        45   45   UTF8 UTF8 ELEMENT                       
Input_shaft_and_gear/Input_shaft_and_gear_com                                   
Input_shaft_and_gear/Input_shaft_and_gear_com                                   
NAMEMAP   HIEROBJECT18        4    27   UTF8 UTF8 ELEMENT                       
3/60                                                                            
Input_shaft_and_gear/J001_i                                                     
NAMEMAP   HIEROBJECT19        6    29   UTF8 UTF8 ELEMENT                       
27/108                                                                          
Middle_shaft_and_gears/J003_i                                                   
NAMEMAP   HIEROBJECT20        49   49   UTF8 UTF8 ELEMENT                       
Middle_shaft_and_gears/Middle_shaft_and_gears_coi                               
Middle_shaft_and_gears/Middle_shaft_and_gears_coi                               
NAMEMAP   HIEROBJECT21        49   49   UTF8 UTF8 ELEMENT                       
Middle_shaft_and_gears/Middle_shaft_and_gears_com                               
Middle_shaft_and_gears/Middle_shaft_and_gears_com                               
NAMEMAP   HIEROBJECT22        6    28   UTF8 UTF8 ELEMENT                       
39/144                                                                          
Output_shaft_and_gear/J004_i                                                    
NAMEMAP   HIEROBJECT23        47   47   UTF8 UTF8 ELEMENT                       
Output_shaft_and_gear/Output_shaft_and_gear_coi                                 
Output_shaft_and_gear/Output_shaft_and_gear_coi                                 
NAMEMAP   HIEROBJECT24        47   47   UTF8 UTF8 ELEMENT                       
Output_shaft_and_gear/Output_shaft_and_gear_com                                 
Output_shaft_and_gear/Output_shaft_and_gear_com                                 
NAMEMAP   HIEROBJECT25        5    28   UTF8 UTF8 ELEMENT                       
15/84                                                                           
Speed_shaft_and_gears/J002_i                                                    
NAMEMAP   HIEROBJECT26        47   47   UTF8 UTF8 ELEMENT                       
Speed_shaft_and_gears/Speed_shaft_and_gears_coi                                 
Speed_shaft_and_gears/Speed_shaft_and_gears_coi                                 
NAMEMAP   HIEROBJECT27        47   47   UTF8 UTF8 ELEMENT                       
Speed_shaft_and_gears/Speed_shaft_and_gears_com                                 
Speed_shaft_and_gears/Speed_shaft_and_gears_com                                 
NAMEMAP   HIEROBJECT28        4    17   UTF8 UTF8 ELEMENT                       
2/61                                                                            
the_ground/J001_j                                                               
NAMEMAP   HIEROBJECT29        4    17   UTF8 UTF8 ELEMENT                       
2/85                                                                            
the_ground/J002_j                                                               
NAMEMAP   HIEROBJECT30        5    17   UTF8 UTF8 ELEMENT                       
2/109                                                                           
the_ground/J003_j                                                               
NAMEMAP   HIEROBJECT31        5    17   UTF8 UTF8 ELEMENT                       
2/145                                                                           
the_ground/J004_j                                                               
NAMEMAP   HIEROBJECT32        5    25   UTF8 UTF8 ELEMENT                       
2/241                                                                           
the_ground/fixa_housing_j                                                       
NAMEMAP   HIEROBJECT33        1    14   UTF8 UTF8 ELEMENT                       
1                                                                               
the_ground/gnd                                                                  
NAMEMAP   CURRENT_DIRECTORY   64   0    UTF8 UTF8 FILE                          
C:\Users\diogo\OneDrive\Área de Trabalho\Gear-Box-Simulation-NX                
SYSTEM   GMETER               STATIC/DYNAMIC      SPARSE    FULL_NCBF      TRUE 
9.8066500000000E+00 -0.000000000000E+00 -0.000000000000E+00 -1.000000000000E+00 
1.0000000000000E+00 0.000000000000E+00  5.0000000000000E+00 1.0000000000000E-02 
1.0000000000000E-09 1.0000000000000E-03 NULL_FALSEBINARY_ONLFALSEKILOGNEWTO    1
NONE                NONE                    1NONE                TRUE ITERAFALSE
NONE                NONE                                                        
NONE                                                                            
HEADER                                                                          
SET_IASIZE =    5000000;                                                        
SET_DASIZE =    5000000;                                                        
SDK_BUILD_INFO = RC2007P1400_rc1 2021-09-29                                     
END                                                                             
STATIC   C1.0000000000000E-03 1.0000000000000E-03 5.0000000000000E-02 NEWTNGLOBA
FALSEFALSE0.000000000000E+00  0.000000000000E+00  FINITHARWE1.0000000000000E-35 
   209.0000000000000E-01 NONE                 2000FALSE     FALSE               
7.0000000000000E-01 5.0000000000000E-01 3.0000000000000E+00 INDEPENDENT         
3.0000000000000E+00 INDEPENDENT         NONE                NONE                
DYNAMIC  ETRUE      INTERPOLATED        GLOBAL    BDF           1     HARWELL   
5.0000000000000E-02 1.0000000000000E-03 1.0000000000000E-03 1.0000000000000E-03 
NONE                QR       1TRUE                                              
NCBF     EBODY1_REF           BODY1               PARAMETERSPOSITIVE            
HIEROBJECT1                                                                     
0.000000000000E+00  0.000000000000E+00  0.000000000000E+00                      
BODY     EBODY1               POSITIVE  PARAMETERSFALSEFALSEFALSEFALSE          
NONE                NONE                NONE                                    
NONE                NONE                NONE                                    
HIEROBJECT2                                                                     
0.000000000000E+00  0.000000000000E+00  0.000000000000E+00                      
8.3714660000000E-05 1.1271000000000E-07 9.4160000000000E-08 3.9360000000000E-08 
0.000000000000E+00  0.000000000000E+00  0.000000000000E+00                      
0.000000000000E+00  0.000000000000E+00  0.000000000000E+00  FALSE               
0.000000000000E+00  0.000000000000E+00  0.000000000000E+00                      
NCBF     EBODY2_REF           BODY2               PARAMETERSPOSITIVE            
HIEROBJECT3                                                                     
0.000000000000E+00  0.000000000000E+00  0.000000000000E+00                      
BODY     EBODY2               POSITIVE  PARAMETERSFALSEFALSEFALSEFALSE          
NONE                NONE                NONE                                    
NONE                NONE                NONE                                    
HIEROBJECT4                                                                     
0.000000000000E+00  0.000000000000E+00  0.000000000000E+00                      
4.0522100000000E-06 5.6000000000000E-10 5.6000000000000E-10 1.2000000000000E-10 
0.000000000000E+00  0.000000000000E+00  0.000000000000E+00                      
0.000000000000E+00  0.000000000000E+00  0.000000000000E+00  FALSE               
0.000000000000E+00  0.000000000000E+00  0.000000000000E+00                      
NCBF     EBODY3_REF           BODY3               PARAMETERSPOSITIVE            
HIEROBJECT5                                                                     
0.000000000000E+00  0.000000000000E+00  0.000000000000E+00                      
BODY     EBODY3               POSITIVE  PARAMETERSFALSEFALSEFALSEFALSE          
NONE                NONE                NONE                                    
NONE                NONE                NONE                                    
HIEROBJECT6                                                                     
0.000000000000E+00  0.000000000000E+00  0.000000000000E+00                      
2.5459750000000E-05 9.5400000000000E-09 5.9700000000000E-09 5.9700000000000E-09 
0.000000000000E+00  0.000000000000E+00  0.000000000000E+00                      
0.000000000000E+00  0.000000000000E+00  0.000000000000E+00  FALSE               
0.000000000000E+00  0.000000000000E+00  0.000000000000E+00                      
NCBF     EBODY4_REF           BODY4               PARAMETERSPOSITIVE            
HIEROBJECT7                                                                     
0.000000000000E+00  0.000000000000E+00  0.000000000000E+00                      
BODY     EBODY4               POSITIVE  PARAMETERSFALSEFALSEFALSEFALSE          
NONE                NONE                NONE                                    
NONE                NONE                NONE                                    
HIEROBJECT8                                                                     
0.000000000000E+00  0.000000000000E+00  0.000000000000E+00                      
2.4176530000000E-05 9.4300000000000E-09 5.8600000000000E-09 5.8600000000000E-09 
0.000000000000E+00  0.000000000000E+00  0.000000000000E+00                      
0.000000000000E+00  0.000000000000E+00  0.000000000000E+00  FALSE               
0.000000000000E+00  0.000000000000E+00  0.000000000000E+00                      
NCBF     EBODY5_REF           BODY5               PARAMETERSPOSITIVE            
HIEROBJECT9                                                                     
0.000000000000E+00  0.000000000000E+00  0.000000000000E+00                      
BODY     EBODY5               POSITIVE  PARAMETERSFALSEFALSEFALSEFALSE          
NONE                NONE                NONE                                    
NONE                NONE                NONE                                    
HIEROBJECT10                                                                    
0.000000000000E+00  0.000000000000E+00  0.000000000000E+00                      
2.5459750000000E-05 9.5400000000000E-09 5.9700000000000E-09 5.9700000000000E-09 
0.000000000000E+00  0.000000000000E+00  0.000000000000E+00                      
0.000000000000E+00  0.000000000000E+00  0.000000000000E+00  FALSE               
0.000000000000E+00  0.000000000000E+00  0.000000000000E+00                      
NCBF     EBODY6_REF           BODY6               PARAMETERSPOSITIVE            
HIEROBJECT11                                                                    
0.000000000000E+00  0.000000000000E+00  0.000000000000E+00                      
BODY     EBODY6               POSITIVE  PARAMETERSTRUE FALSEFALSEFALSE          
NONE                NONE                NONE                                    
NONE                NONE                NONE                                    
HIEROBJECT12                                                                    
0.000000000000E+00  0.000000000000E+00  0.000000000000E+00                      
1.0000000000000E+00 1.0000000000000E+00 1.0000000000000E+00 1.0000000000000E+00 
0.000000000000E+00  0.000000000000E+00  0.000000000000E+00                      
0.000000000000E+00  0.000000000000E+00  0.000000000000E+00  FALSE               
0.000000000000E+00  0.000000000000E+00  0.000000000000E+00                      
CONTACT  GCONTACT_TESS1           1    1    1                                   
BODY2               BODY5               NONE                NONE                
CAD                 AUTO                                    NONE                
NONE                NONE                NONE                NONE                
0.000000000000E+00  0.000000000000E+00  0.000000000000E+00  5.0000000000000E-03 
0.000000000000E+00  0.000000000000E+00  0.000000000000E+00  0.000000000000E+00  
0.000000000000E+00  0.000000000000E+00  1.0000000000000E+00 0.000000000000E+00  
0.000000000000E+00  0.000000000000E+00  1.0000000000000E+00 0.000000000000E+00  
1.0000000000000E+00 0.000000000000E+00  0.000000000000E+00                      
1.0000000000000E+00 0.000000000000E+00  0.000000000000E+00  0.000000000000E+00  
0.000000000000E+00  1.0000000000000E+00 0.000000000000E+00  1.0000000000000E+00 
0.000000000000E+00  0.000000000000E+00  0.000000000000E+00  0.000000000000E+00  
1.0000000000000E+08 1.0000000000000E+04 0.000000000000E+00  0.000000000000E+00  
0.000000000000E+00  1.0000000000000E+00 0.000000000000E+00  0.000000000000E+00  
NONE                NONE                NONE                NONE                
NONE                3.0000000000000E-01 3.0000000000000E-01 5.0000000000000E-03 
TESSELLATED         FILE2               FILE1                                   
2.0000000000000E+00 2.5400000000000E-05 FALSEFALSE          1.0000000000000E-04 
0.000000000000E+00  1.0000000000000E-02 0.000000000000E+00  2.0000000000000E-02 
CONTACT  GCONTACT_TESS2           1    1    1                                   
BODY5               BODY3               NONE                NONE                
CAD                 AUTO                                    NONE                
NONE                NONE                NONE                NONE                
0.000000000000E+00  0.000000000000E+00  0.000000000000E+00  5.0000000000000E-03 
0.000000000000E+00  0.000000000000E+00  0.000000000000E+00  0.000000000000E+00  
0.000000000000E+00  0.000000000000E+00  1.0000000000000E+00 0.000000000000E+00  
0.000000000000E+00  0.000000000000E+00  1.0000000000000E+00 0.000000000000E+00  
1.0000000000000E+00 0.000000000000E+00  0.000000000000E+00                      
1.0000000000000E+00 0.000000000000E+00  0.000000000000E+00  0.000000000000E+00  
0.000000000000E+00  1.0000000000000E+00 0.000000000000E+00  1.0000000000000E+00 
0.000000000000E+00  0.000000000000E+00  0.000000000000E+00  0.000000000000E+00  
1.0000000000000E+08 1.0000000000000E+04 0.000000000000E+00  0.000000000000E+00  
0.000000000000E+00  1.0000000000000E+00 0.000000000000E+00  0.000000000000E+00  
NONE                NONE                NONE                NONE                
NONE                3.0000000000000E-01 3.0000000000000E-01 5.0000000000000E-03 
TESSELLATED         FILE4               FILE3                                   
2.0000000000000E+00 2.5400000000000E-05 FALSEFALSE          1.0000000000000E-04 
0.000000000000E+00  1.0000000000000E-02 0.000000000000E+00  2.0000000000000E-02 
CONTACT  GCONTACT_TESS3           1    1    1                                   
BODY3               BODY4               NONE                NONE                
CAD                 AUTO                                    NONE                
NONE                NONE                NONE                NONE                
0.000000000000E+00  0.000000000000E+00  0.000000000000E+00  5.0000000000000E-03 
0.000000000000E+00  0.000000000000E+00  0.000000000000E+00  0.000000000000E+00  
0.000000000000E+00  0.000000000000E+00  1.0000000000000E+00 0.000000000000E+00  
0.000000000000E+00  0.000000000000E+00  1.0000000000000E+00 0.000000000000E+00  
1.0000000000000E+00 0.000000000000E+00  0.000000000000E+00                      
1.0000000000000E+00 0.000000000000E+00  0.000000000000E+00  0.000000000000E+00  
0.000000000000E+00  1.0000000000000E+00 0.000000000000E+00  1.0000000000000E+00 
0.000000000000E+00  0.000000000000E+00  0.000000000000E+00  0.000000000000E+00  
1.0000000000000E+08 1.0000000000000E+04 0.000000000000E+00  0.000000000000E+00  
0.000000000000E+00  1.0000000000000E+00 0.000000000000E+00  0.000000000000E+00  
NONE                NONE                NONE                NONE                
NONE                3.0000000000000E-01 3.0000000000000E-01 5.0000000000000E-03 
TESSELLATED         FILE6               FILE5                                   
2.0000000000000E+00 2.5400000000000E-05 FALSEFALSE          1.0000000000000E-04 
0.000000000000E+00  1.0000000000000E-02 0.000000000000E+00  2.0000000000000E-02 
REVOLUTE EREVOLUTE_JOINT1     BODY6               BODY2                         
HIEROBJECT28                                                                    
HIEROBJECT18                                                                    
0.000000000000E+00  0.000000000000E+00  1.0000000000000E+00                     
0.000000000000E+00  0.000000000000E+00  1.0000000000000E+00                     
1.0000000000000E+00 0.000000000000E+00  0.000000000000E+00                      
1.0000000000000E+00 0.000000000000E+00  0.000000000000E+00                      
REVOLUTE EREVOLUTE_JOINT2     BODY6               BODY5                         
HIEROBJECT29                                                                    
HIEROBJECT25                                                                    
0.000000000000E+00  0.000000000000E+00  1.0000000000000E+00                     
0.000000000000E+00  0.000000000000E+00  1.0000000000000E+00                     
1.0000000000000E+00 0.000000000000E+00  0.000000000000E+00                      
1.0000000000000E+00 0.000000000000E+00  0.000000000000E+00                      
REVOLUTE EREVOLUTE_JOINT3     BODY6               BODY3                         
HIEROBJECT30                                                                    
HIEROBJECT19                                                                    
0.000000000000E+00  0.000000000000E+00  1.0000000000000E+00                     
0.000000000000E+00  0.000000000000E+00  1.0000000000000E+00                     
1.0000000000000E+00 0.000000000000E+00  0.000000000000E+00                      
1.0000000000000E+00 0.000000000000E+00  0.000000000000E+00                      
REVOLUTE EREVOLUTE_JOINT4     BODY6               BODY4                         
HIEROBJECT31                                                                    
HIEROBJECT22                                                                    
0.000000000000E+00  0.000000000000E+00  1.0000000000000E+00                     
0.000000000000E+00  0.000000000000E+00  1.0000000000000E+00                     
1.0000000000000E+00 0.000000000000E+00  0.000000000000E+00                      
1.0000000000000E+00 0.000000000000E+00  0.000000000000E+00                      
BRACKET  EBRACKET_JOINT1      BODY6               BODY1                         
HIEROBJECT32                                                    0               
HIEROBJECT15                                                                    
0.000000000000E+00  0.000000000000E+00  1.0000000000000E+00                     
0.000000000000E+00  0.000000000000E+00  1.0000000000000E+00                     
1.0000000000000E+00 0.000000000000E+00  0.000000000000E+00                      
1.0000000000000E+00 0.000000000000E+00  0.000000000000E+00                      
NAMEMAP   SYSTEM_DATA1        11   11   UTF8 UTF8 ELEMENT                       
