HIEROBJ  EWORLD                                             NONE                
ROOT                                                                            
1.0000000000000E+00 0.000000000000E+00  0.000000000000E+00  0.000000000000E+00  
0.000000000000E+00  1.0000000000000E+00 0.000000000000E+00  0.000000000000E+00  
0.000000000000E+00  0.000000000000E+00  1.0000000000000E+00 0.000000000000E+00  
0.000000000000E+00  0.000000000000E+00  0.000000000000E+00  1.0000000000000E+00 
HIEROBJ  EHIEROBJECT1                                       NONE                
BODYNCBF  WORLD                                   BODY1                         
1.0000000000000E+00 0.000000000000E+00  0.000000000000E+00  0.000000000000E+00  
0.000000000000E+00  1.0000000000000E+00 0.000000000000E+00  0.000000000000E+00  
0.000000000000E+00  0.000000000000E+00  1.0000000000000E+00 0.000000000000E+00  
0.000000000000E+00  0.000000000000E+00  0.000000000000E+00  1.0000000000000E+00 
HIEROBJ  EHIEROBJECT2                                       NONE                
CGTRIAD   HIEROBJECT1                                                           
1.0000000000000E+00 0.000000000000E+00  0.000000000000E+00  0.000000000000E+00  
0.000000000000E+00  1.0000000000000E+00 0.000000000000E+00  0.000000000000E+00  
0.000000000000E+00  0.000000000000E+00  1.0000000000000E+00 0.000000000000E+00  
-2.788114163000E+02 -4.420374549000E+01 1.7500000000000E+01 1.0000000000000E+00 
HIEROBJ  EHIEROBJECT3                                       NONE                
BODYNCBF  WORLD                                   BODY2                         
1.0000000000000E+00 0.000000000000E+00  0.000000000000E+00  0.000000000000E+00  
0.000000000000E+00  1.0000000000000E+00 0.000000000000E+00  0.000000000000E+00  
0.000000000000E+00  0.000000000000E+00  1.0000000000000E+00 0.000000000000E+00  
0.000000000000E+00  0.000000000000E+00  0.000000000000E+00  1.0000000000000E+00 
HIEROBJ  EHIEROBJECT4                                       NONE                
CGTRIAD   HIEROBJECT3                                                           
7.9083717044945E-06 9.6571964211599E-01 -2.595873124188E-01 0.000000000000E+00  
-6.651166228555E-02 2.5901300263518E-01 9.6358106210423E-01 0.000000000000E+00  
9.9778564768064E-01 1.7257963300005E-02 6.4233667070038E-02 0.000000000000E+00  
-2.954820254900E+02 -4.440419561000E+01 1.6753912070000E+01 1.0000000000000E+00 
HIEROBJ  EHIEROBJECT5                                       NONE                
BODYNCBF  WORLD                                   BODY3                         
1.0000000000000E+00 0.000000000000E+00  0.000000000000E+00  0.000000000000E+00  
0.000000000000E+00  1.0000000000000E+00 0.000000000000E+00  0.000000000000E+00  
0.000000000000E+00  0.000000000000E+00  1.0000000000000E+00 0.000000000000E+00  
0.000000000000E+00  0.000000000000E+00  0.000000000000E+00  1.0000000000000E+00 
HIEROBJ  EHIEROBJECT6                                       NONE                
CGTRIAD   HIEROBJECT5                                                           
1.0000000000000E+00 0.000000000000E+00  0.000000000000E+00  0.000000000000E+00  
0.000000000000E+00  2.0339357651925E-01 9.7909706006642E-01 0.000000000000E+00  
0.000000000000E+00  -9.790970600664E-01 2.0339357651925E-01 0.000000000000E+00  
-2.588114163000E+02 -4.419883417000E+01 1.7523642160000E+01 1.0000000000000E+00 
HIEROBJ  EHIEROBJECT7                                       NONE                
BODYNCBF  WORLD                                   BODY4                         
1.0000000000000E+00 0.000000000000E+00  0.000000000000E+00  0.000000000000E+00  
0.000000000000E+00  1.0000000000000E+00 0.000000000000E+00  0.000000000000E+00  
0.000000000000E+00  0.000000000000E+00  1.0000000000000E+00 0.000000000000E+00  
0.000000000000E+00  0.000000000000E+00  0.000000000000E+00  1.0000000000000E+00 
HIEROBJ  EHIEROBJECT8                                       NONE                
CGTRIAD   HIEROBJECT7                                                           
3.4804867321547E-12 9.7909706006644E-01 -2.033935765192E-01 0.000000000000E+00  
-2.760284852410E-02 2.0331607721752E-01 9.7872399352332E-01 0.000000000000E+00  
9.9961896878428E-01 5.6142420800269E-03 2.7025867840113E-02 0.000000000000E+00  
-2.446787848000E+02 -4.422465884000E+01 1.7399327190000E+01 1.0000000000000E+00 
HIEROBJ  EHIEROBJECT9                                       NONE                
BODYNCBF  WORLD                                   BODY5                         
1.0000000000000E+00 0.000000000000E+00  0.000000000000E+00  0.000000000000E+00  
0.000000000000E+00  1.0000000000000E+00 0.000000000000E+00  0.000000000000E+00  
0.000000000000E+00  0.000000000000E+00  1.0000000000000E+00 0.000000000000E+00  
0.000000000000E+00  0.000000000000E+00  0.000000000000E+00  1.0000000000000E+00 
HIEROBJ  EHIEROBJECT10                                      NONE                
CGTRIAD   HIEROBJECT9                                                           
9.9999954499467E-01 -9.184078394078E-04 -2.579486121259E-04 0.000000000000E+00  
9.5394467657961E-04 9.6274620632480E-01 2.7040494114710E-01 0.000000000000E+00  
-2.970013124327E-09 -2.704050641801E-01 9.6274664438041E-01 0.000000000000E+00  
-2.369005303300E+02 -5.198447040000E+00 1.7501488150000E+01 1.0000000000000E+00 
HIEROBJ  EHIEROBJECT11                                      NONE                
BODYNCBF  WORLD                                   BODY6                         
1.0000000000000E+00 0.000000000000E+00  0.000000000000E+00  0.000000000000E+00  
0.000000000000E+00  1.0000000000000E+00 0.000000000000E+00  0.000000000000E+00  
0.000000000000E+00  0.000000000000E+00  1.0000000000000E+00 0.000000000000E+00  
0.000000000000E+00  0.000000000000E+00  0.000000000000E+00  1.0000000000000E+00 
HIEROBJ  EHIEROBJECT12                                      NONE                
CGTRIAD   HIEROBJECT11                                                          
1.0000000000000E+00 0.000000000000E+00  0.000000000000E+00  0.000000000000E+00  
0.000000000000E+00  -6.863066908715E-01 7.2731226173155E-01 0.000000000000E+00  
0.000000000000E+00  -7.273122617315E-01 -6.863066908715E-01 0.000000000000E+00  
-2.588114163000E+02 -5.015805370000E+00 1.7300830800000E+01 1.0000000000000E+00 
HIEROBJ  EHIEROBJECT13                                      NONE                
BODYNCBF  WORLD                                   BODY7                         
1.0000000000000E+00 0.000000000000E+00  0.000000000000E+00  0.000000000000E+00  
0.000000000000E+00  1.0000000000000E+00 0.000000000000E+00  0.000000000000E+00  
0.000000000000E+00  0.000000000000E+00  1.0000000000000E+00 0.000000000000E+00  
0.000000000000E+00  0.000000000000E+00  0.000000000000E+00  1.0000000000000E+00 
HIEROBJ  EHIEROBJECT14                                      NONE                
CGTRIAD   HIEROBJECT13                                                          
9.9999755976112E-01 1.5161743248796E-03 -1.606762965174E-03 0.000000000000E+00  
-4.222499899649E-12 7.2731226187389E-01 6.8630669072062E-01 0.000000000000E+00  
2.2091789899594E-03 -6.863050159683E-01 7.2731048705824E-01 0.000000000000E+00  
-2.776987877500E+02 -5.217127200000E+00 1.7514181240000E+01 1.0000000000000E+00 
HIEROBJ  EHIEROBJECT15                                      NONE                
BODYNCBF  WORLD                                   BODY8                         
1.0000000000000E+00 0.000000000000E+00  0.000000000000E+00  0.000000000000E+00  
0.000000000000E+00  1.0000000000000E+00 0.000000000000E+00  0.000000000000E+00  
0.000000000000E+00  0.000000000000E+00  1.0000000000000E+00 0.000000000000E+00  
0.000000000000E+00  0.000000000000E+00  0.000000000000E+00  1.0000000000000E+00 
HIEROBJ  EHIEROBJECT16                                      NONE                
CGTRIAD   HIEROBJECT15                                                          
1.0000000000000E+00 0.000000000000E+00  0.000000000000E+00  0.000000000000E+00  
0.000000000000E+00  1.0000000000000E+00 0.000000000000E+00  0.000000000000E+00  
0.000000000000E+00  0.000000000000E+00  1.0000000000000E+00 0.000000000000E+00  
0.000000000000E+00  0.000000000000E+00  0.000000000000E+00  1.0000000000000E+00 
HIEROBJ  EHIEROBJECT17                                      NONE                
JFCTRIAD  HIEROBJECT1                                                           
1.0000000000000E+00 0.000000000000E+00  0.000000000000E+00  0.000000000000E+00  
0.000000000000E+00  1.0000000000000E+00 0.000000000000E+00  0.000000000000E+00  
0.000000000000E+00  0.000000000000E+00  1.0000000000000E+00 0.000000000000E+00  
0.000000000000E+00  0.000000000000E+00  0.000000000000E+00  1.0000000000000E+00 
HIEROBJ  EHIEROBJECT18                                      NONE                
JFCTRIAD  HIEROBJECT1                                                           
1.0000000000000E+00 0.000000000000E+00  0.000000000000E+00  0.000000000000E+00  
0.000000000000E+00  1.0000000000000E+00 0.000000000000E+00  0.000000000000E+00  
0.000000000000E+00  0.000000000000E+00  1.0000000000000E+00 0.000000000000E+00  
-2.788114163000E+02 -4.420374549000E+01 1.7500000000000E+01 1.0000000000000E+00 
HIEROBJ  EHIEROBJECT19                                      NONE                
JFCTRIAD  HIEROBJECT1                                                           
2.2204460492503E-16 0.000000000000E+00  -1.000000000000E+00 0.000000000000E+00  
0.000000000000E+00  1.0000000000000E+00 0.000000000000E+00  0.000000000000E+00  
1.0000000000000E+00 0.000000000000E+00  2.2204460492503E-16 0.000000000000E+00  
-2.788114163030E+02 -4.420374549010E+01 1.7499999999998E+01 1.0000000000000E+00 
HIEROBJ  EHIEROBJECT20                                      NONE                
JFCTRIAD  HIEROBJECT3                                                           
7.9083717045639E-06 9.6571964211599E-01 -2.595873124188E-01 0.000000000000E+00  
-6.651166228555E-02 2.5901300263518E-01 9.6358106210423E-01 0.000000000000E+00  
9.9778564768064E-01 1.7257963300005E-02 6.4233667070039E-02 0.000000000000E+00  
0.000000000000E+00  0.000000000000E+00  0.000000000000E+00  1.0000000000000E+00 
HIEROBJ  EHIEROBJECT21                                      NONE                
JFCTRIAD  HIEROBJECT3                                                           
7.9083717045639E-06 9.6571964211599E-01 -2.595873124188E-01 0.000000000000E+00  
-6.651166228555E-02 2.5901300263518E-01 9.6358106210423E-01 0.000000000000E+00  
9.9778564768064E-01 1.7257963300005E-02 6.4233667070039E-02 0.000000000000E+00  
-2.954820254900E+02 -4.440419561000E+01 1.6753912070000E+01 1.0000000000000E+00 
HIEROBJ  EHIEROBJECT22                                      NONE                
JFCTRIAD  HIEROBJECT3                                                           
2.2204460492503E-16 0.000000000000E+00  -1.000000000000E+00 0.000000000000E+00  
0.000000000000E+00  1.0000000000000E+00 0.000000000000E+00  0.000000000000E+00  
1.0000000000000E+00 0.000000000000E+00  2.2204460492503E-16 0.000000000000E+00  
-3.133114163030E+02 -4.420374549010E+01 1.7499999999998E+01 1.0000000000000E+00 
HIEROBJ  EHIEROBJECT23                                      NONE                
JFCTRIAD  HIEROBJECT3                                                           
2.2204460492503E-16 0.000000000000E+00  -1.000000000000E+00 0.000000000000E+00  
0.000000000000E+00  1.0000000000000E+00 0.000000000000E+00  0.000000000000E+00  
1.0000000000000E+00 0.000000000000E+00  2.2204460492503E-16 0.000000000000E+00  
-2.788114163030E+02 -4.420374549010E+01 1.7499999999998E+01 1.0000000000000E+00 
HIEROBJ  EHIEROBJECT24                                      NONE                
JFCTRIAD  HIEROBJECT5                                                           
2.2204460492503E-16 0.000000000000E+00  -1.000000000000E+00 0.000000000000E+00  
0.000000000000E+00  1.0000000000000E+00 0.000000000000E+00  0.000000000000E+00  
1.0000000000000E+00 0.000000000000E+00  2.2204460492503E-16 0.000000000000E+00  
-2.588114163030E+02 -4.420374549010E+01 1.7500000000000E+01 1.0000000000000E+00 
HIEROBJ  EHIEROBJECT25                                      NONE                
JFCTRIAD  HIEROBJECT5                                                           
2.2204460492503E-16 0.000000000000E+00  -1.000000000000E+00 0.000000000000E+00  
0.000000000000E+00  1.0000000000000E+00 0.000000000000E+00  0.000000000000E+00  
1.0000000000000E+00 0.000000000000E+00  2.2204460492503E-16 0.000000000000E+00  
-2.388114163030E+02 -4.420374549010E+01 1.7500000000000E+01 1.0000000000000E+00 
HIEROBJ  EHIEROBJECT26                                      NONE                
JFCTRIAD  HIEROBJECT5                                                           
1.0000000000000E+00 0.000000000000E+00  0.000000000000E+00  0.000000000000E+00  
0.000000000000E+00  2.0339357651925E-01 9.7909706006642E-01 0.000000000000E+00  
0.000000000000E+00  -9.790970600664E-01 2.0339357651925E-01 0.000000000000E+00  
0.000000000000E+00  0.000000000000E+00  0.000000000000E+00  1.0000000000000E+00 
HIEROBJ  EHIEROBJECT27                                      NONE                
JFCTRIAD  HIEROBJECT5                                                           
1.0000000000000E+00 0.000000000000E+00  0.000000000000E+00  0.000000000000E+00  
0.000000000000E+00  2.0339357651925E-01 9.7909706006642E-01 0.000000000000E+00  
0.000000000000E+00  -9.790970600664E-01 2.0339357651925E-01 0.000000000000E+00  
-2.588114163000E+02 -4.419883417000E+01 1.7523642160000E+01 1.0000000000000E+00 
HIEROBJ  EHIEROBJECT28                                      NONE                
JFCTRIAD  HIEROBJECT7                                                           
2.2204460492503E-16 0.000000000000E+00  -1.000000000000E+00 0.000000000000E+00  
0.000000000000E+00  1.0000000000000E+00 0.000000000000E+00  0.000000000000E+00  
1.0000000000000E+00 0.000000000000E+00  2.2204460492503E-16 0.000000000000E+00  
-2.388114163030E+02 -4.420374549010E+01 1.7500000000000E+01 1.0000000000000E+00 
HIEROBJ  EHIEROBJECT29                                      NONE                
JFCTRIAD  HIEROBJECT7                                                           
3.4804676501965E-12 9.7909706006644E-01 -2.033935765192E-01 0.000000000000E+00  
-2.760284852410E-02 2.0331607721752E-01 9.7872399352332E-01 0.000000000000E+00  
9.9961896878428E-01 5.6142420800270E-03 2.7025867840114E-02 0.000000000000E+00  
0.000000000000E+00  0.000000000000E+00  0.000000000000E+00  1.0000000000000E+00 
HIEROBJ  EHIEROBJECT30                                      NONE                
JFCTRIAD  HIEROBJECT7                                                           
3.4804676501965E-12 9.7909706006644E-01 -2.033935765192E-01 0.000000000000E+00  
-2.760284852410E-02 2.0331607721752E-01 9.7872399352332E-01 0.000000000000E+00  
9.9961896878428E-01 5.6142420800270E-03 2.7025867840114E-02 0.000000000000E+00  
-2.446787848000E+02 -4.422465884000E+01 1.7399327190000E+01 1.0000000000000E+00 
HIEROBJ  EHIEROBJECT31                                      NONE                
JFCTRIAD  HIEROBJECT9                                                           
2.2204460492503E-16 0.000000000000E+00  -1.000000000000E+00 0.000000000000E+00  
0.000000000000E+00  1.0000000000000E+00 0.000000000000E+00  0.000000000000E+00  
1.0000000000000E+00 0.000000000000E+00  2.2204460492503E-16 0.000000000000E+00  
-2.388114163030E+02 -5.203745490105E+00 1.7500000000000E+01 1.0000000000000E+00 
HIEROBJ  EHIEROBJECT32                                      NONE                
JFCTRIAD  HIEROBJECT9                                                           
9.9999954499467E-01 -9.184078394078E-04 -2.579486121259E-04 0.000000000000E+00  
9.5394467657961E-04 9.6274620632480E-01 2.7040494114710E-01 0.000000000000E+00  
-2.970013124326E-09 -2.704050641801E-01 9.6274664438041E-01 0.000000000000E+00  
0.000000000000E+00  0.000000000000E+00  0.000000000000E+00  1.0000000000000E+00 
HIEROBJ  EHIEROBJECT33                                      NONE                
JFCTRIAD  HIEROBJECT9                                                           
9.9999954499467E-01 -9.184078394078E-04 -2.579486121259E-04 0.000000000000E+00  
9.5394467657961E-04 9.6274620632480E-01 2.7040494114710E-01 0.000000000000E+00  
-2.970013124326E-09 -2.704050641801E-01 9.6274664438041E-01 0.000000000000E+00  
-2.369005303300E+02 -5.198447040000E+00 1.7501488150000E+01 1.0000000000000E+00 
HIEROBJ  EHIEROBJECT34                                      NONE                
JFCTRIAD  HIEROBJECT11                                                          
2.2204460492503E-16 0.000000000000E+00  -1.000000000000E+00 0.000000000000E+00  
0.000000000000E+00  1.0000000000000E+00 0.000000000000E+00  0.000000000000E+00  
1.0000000000000E+00 0.000000000000E+00  2.2204460492503E-16 0.000000000000E+00  
-2.588114163030E+02 -5.203745490105E+00 1.7500000000000E+01 1.0000000000000E+00 
HIEROBJ  EHIEROBJECT35                                      NONE                
JFCTRIAD  HIEROBJECT11                                                          
1.0000000000000E+00 0.000000000000E+00  0.000000000000E+00  0.000000000000E+00  
0.000000000000E+00  -6.863066908715E-01 7.2731226173155E-01 0.000000000000E+00  
0.000000000000E+00  -7.273122617315E-01 -6.863066908715E-01 0.000000000000E+00  
0.000000000000E+00  0.000000000000E+00  0.000000000000E+00  1.0000000000000E+00 
HIEROBJ  EHIEROBJECT36                                      NONE                
JFCTRIAD  HIEROBJECT11                                                          
1.0000000000000E+00 0.000000000000E+00  0.000000000000E+00  0.000000000000E+00  
0.000000000000E+00  -6.863066908715E-01 7.2731226173155E-01 0.000000000000E+00  
0.000000000000E+00  -7.273122617315E-01 -6.863066908715E-01 0.000000000000E+00  
-2.588114163000E+02 -5.015805370000E+00 1.7300830800000E+01 1.0000000000000E+00 
HIEROBJ  EHIEROBJECT37                                      NONE                
JFCTRIAD  HIEROBJECT13                                                          
2.2204460492503E-16 0.000000000000E+00  -1.000000000000E+00 0.000000000000E+00  
0.000000000000E+00  1.0000000000000E+00 0.000000000000E+00  0.000000000000E+00  
1.0000000000000E+00 0.000000000000E+00  2.2204460492503E-16 0.000000000000E+00  
-2.788114163030E+02 -5.203745490105E+00 1.7500000000000E+01 1.0000000000000E+00 
HIEROBJ  EHIEROBJECT38                                      NONE                
JFCTRIAD  HIEROBJECT13                                                          
2.2204460492503E-16 0.000000000000E+00  -1.000000000000E+00 0.000000000000E+00  
0.000000000000E+00  1.0000000000000E+00 0.000000000000E+00  0.000000000000E+00  
1.0000000000000E+00 0.000000000000E+00  2.2204460492503E-16 0.000000000000E+00  
-2.588114163030E+02 -5.203745490105E+00 1.7500000000000E+01 1.0000000000000E+00 
HIEROBJ  EHIEROBJECT39                                      NONE                
JFCTRIAD  HIEROBJECT13                                                          
9.9999755976112E-01 1.5161743248796E-03 -1.606762965174E-03 0.000000000000E+00  
-4.222499737014E-12 7.2731226187389E-01 6.8630669072062E-01 0.000000000000E+00  
2.2091789899594E-03 -6.863050159683E-01 7.2731048705824E-01 0.000000000000E+00  
0.000000000000E+00  0.000000000000E+00  0.000000000000E+00  1.0000000000000E+00 
HIEROBJ  EHIEROBJECT40                                      NONE                
JFCTRIAD  HIEROBJECT13                                                          
9.9999755976112E-01 1.5161743248796E-03 -1.606762965174E-03 0.000000000000E+00  
-4.222499520173E-12 7.2731226187389E-01 6.8630669072062E-01 0.000000000000E+00  
2.2091789899594E-03 -6.863050159683E-01 7.2731048705824E-01 0.000000000000E+00  
-2.776987877500E+02 -5.217127200000E+00 1.7514181240000E+01 1.0000000000000E+00 
HIEROBJ  EHIEROBJECT41                                      NONE                
JFCTRIAD  HIEROBJECT15                                                          
2.2204460492503E-16 0.000000000000E+00  -1.000000000000E+00 0.000000000000E+00  
0.000000000000E+00  1.0000000000000E+00 0.000000000000E+00  0.000000000000E+00  
1.0000000000000E+00 0.000000000000E+00  2.2204460492503E-16 0.000000000000E+00  
-3.133114163030E+02 -4.420374549010E+01 1.7499999999998E+01 1.0000000000000E+00 
HIEROBJ  EHIEROBJECT42                                      NONE                
JFCTRIAD  HIEROBJECT15                                                          
2.2204460492503E-16 0.000000000000E+00  -1.000000000000E+00 0.000000000000E+00  
0.000000000000E+00  1.0000000000000E+00 0.000000000000E+00  0.000000000000E+00  
1.0000000000000E+00 0.000000000000E+00  2.2204460492503E-16 0.000000000000E+00  
-2.788114163030E+02 -5.203745490105E+00 1.7500000000000E+01 1.0000000000000E+00 
HIEROBJ  EHIEROBJECT43                                      NONE                
JFCTRIAD  HIEROBJECT15                                                          
2.2204460492503E-16 0.000000000000E+00  -1.000000000000E+00 0.000000000000E+00  
0.000000000000E+00  1.0000000000000E+00 0.000000000000E+00  0.000000000000E+00  
1.0000000000000E+00 0.000000000000E+00  2.2204460492503E-16 0.000000000000E+00  
-2.388114163030E+02 -5.203745490105E+00 1.7500000000000E+01 1.0000000000000E+00 
HIEROBJ  EHIEROBJECT44                                      NONE                
JFCTRIAD  HIEROBJECT15                                                          
2.2204460492503E-16 0.000000000000E+00  -1.000000000000E+00 0.000000000000E+00  
0.000000000000E+00  1.0000000000000E+00 0.000000000000E+00  0.000000000000E+00  
1.0000000000000E+00 0.000000000000E+00  2.2204460492503E-16 0.000000000000E+00  
-2.588114163030E+02 -4.420374549010E+01 1.7500000000000E+01 1.0000000000000E+00 
HIEROBJ  EHIEROBJECT45                                      NONE                
JFCTRIAD  HIEROBJECT15                                                          
1.0000000000000E+00 0.000000000000E+00  0.000000000000E+00  0.000000000000E+00  
0.000000000000E+00  1.0000000000000E+00 0.000000000000E+00  0.000000000000E+00  
0.000000000000E+00  0.000000000000E+00  1.0000000000000E+00 0.000000000000E+00  
0.000000000000E+00  0.000000000000E+00  0.000000000000E+00  1.0000000000000E+00 
NAMEMAP   WORLD               5    5    UTF8 UTF8 ELEMENT                       
WORLD                                                                           
WORLD                                                                           
NAMEMAP   HIEROBJECT1         26   26   UTF8 UTF8 ELEMENT                       
Input_gear/Input_gear_NCBF                                                      
Input_gear/Input_gear_NCBF                                                      
NAMEMAP   HIEROBJECT2         24   24   UTF8 UTF8 ELEMENT                       
Input_gear/Input_gear_cm                                                        
Input_gear/Input_gear_cm                                                        
NAMEMAP   HIEROBJECT3         28   28   UTF8 UTF8 ELEMENT                       
Input_shaft/Input_shaft_NCBF                                                    
Input_shaft/Input_shaft_NCBF                                                    
NAMEMAP   HIEROBJECT4         26   26   UTF8 UTF8 ELEMENT                       
Input_shaft/Input_shaft_cm                                                      
Input_shaft/Input_shaft_cm                                                      
NAMEMAP   HIEROBJECT5         32   32   UTF8 UTF8 ELEMENT                       
Middle_gear_1/Middle_gear_1_NCBF                                                
Middle_gear_1/Middle_gear_1_NCBF                                                
NAMEMAP   HIEROBJECT6         30   30   UTF8 UTF8 ELEMENT                       
Middle_gear_1/Middle_gear_1_cm                                                  
Middle_gear_1/Middle_gear_1_cm                                                  
NAMEMAP   HIEROBJECT7         52   52   UTF8 UTF8 ELEMENT                       
Middle_shaft_and_gear_2/Middle_shaft_and_gear_2_NCBF                            
Middle_shaft_and_gear_2/Middle_shaft_and_gear_2_NCBF                            
NAMEMAP   HIEROBJECT8         50   50   UTF8 UTF8 ELEMENT                       
Middle_shaft_and_gear_2/Middle_shaft_and_gear_2_cm                              
Middle_shaft_and_gear_2/Middle_shaft_and_gear_2_cm                              
NAMEMAP   HIEROBJECT9         48   48   UTF8 UTF8 ELEMENT                       
Output_shaft_and_gear/Output_shaft_and_gear_NCBF                                
Output_shaft_and_gear/Output_shaft_and_gear_NCBF                                
NAMEMAP   HIEROBJECT10        46   46   UTF8 UTF8 ELEMENT                       
Output_shaft_and_gear/Output_shaft_and_gear_cm                                  
Output_shaft_and_gear/Output_shaft_and_gear_cm                                  
NAMEMAP   HIEROBJECT11        30   30   UTF8 UTF8 ELEMENT                       
Speed_gear_2/Speed_gear_2_NCBF                                                  
Speed_gear_2/Speed_gear_2_NCBF                                                  
NAMEMAP   HIEROBJECT12        28   28   UTF8 UTF8 ELEMENT                       
Speed_gear_2/Speed_gear_2_cm                                                    
Speed_gear_2/Speed_gear_2_cm                                                    
NAMEMAP   HIEROBJECT13        50   50   UTF8 UTF8 ELEMENT                       
Speed_shaft_and_gear_1/Speed_shaft_and_gear_1_NCBF                              
Speed_shaft_and_gear_1/Speed_shaft_and_gear_1_NCBF                              
NAMEMAP   HIEROBJECT14        48   48   UTF8 UTF8 ELEMENT                       
Speed_shaft_and_gear_1/Speed_shaft_and_gear_1_cm                                
Speed_shaft_and_gear_1/Speed_shaft_and_gear_1_cm                                
NAMEMAP   HIEROBJECT15        26   26   UTF8 UTF8 ELEMENT                       
the_ground/the_ground_NCBF                                                      
the_ground/the_ground_NCBF                                                      
NAMEMAP   HIEROBJECT16        13   13   UTF8 UTF8 ELEMENT                       
the_ground_cm                                                                   
the_ground_cm                                                                   
NAMEMAP   HIEROBJECT17        25   25   UTF8 UTF8 ELEMENT                       
Input_gear/Input_gear_coi                                                       
Input_gear/Input_gear_coi                                                       
NAMEMAP   HIEROBJECT18        25   25   UTF8 UTF8 ELEMENT                       
Input_gear/Input_gear_com                                                       
Input_gear/Input_gear_com                                                       
NAMEMAP   HIEROBJECT19        6    17   UTF8 UTF8 ELEMENT                       
162/84                                                                          
Input_gear/J002_i                                                               
NAMEMAP   HIEROBJECT20        27   27   UTF8 UTF8 ELEMENT                       
Input_shaft/Input_shaft_coi                                                     
Input_shaft/Input_shaft_coi                                                     
NAMEMAP   HIEROBJECT21        27   27   UTF8 UTF8 ELEMENT                       
Input_shaft/Input_shaft_com                                                     
Input_shaft/Input_shaft_com                                                     
NAMEMAP   HIEROBJECT22        4    18   UTF8 UTF8 ELEMENT                       
3/60                                                                            
Input_shaft/J001_i                                                              
NAMEMAP   HIEROBJECT23        4    18   UTF8 UTF8 ELEMENT                       
3/85                                                                            
Input_shaft/J002_j                                                              
NAMEMAP   HIEROBJECT24        6    20   UTF8 UTF8 ELEMENT                       
27/198                                                                          
Middle_gear_1/J006_i                                                            
NAMEMAP   HIEROBJECT25        6    20   UTF8 UTF8 ELEMENT                       
27/245                                                                          
Middle_gear_1/J007_j                                                            
NAMEMAP   HIEROBJECT26        31   31   UTF8 UTF8 ELEMENT                       
Middle_gear_1/Middle_gear_1_coi                                                 
Middle_gear_1/Middle_gear_1_coi                                                 
NAMEMAP   HIEROBJECT27        31   31   UTF8 UTF8 ELEMENT                       
Middle_gear_1/Middle_gear_1_com                                                 
Middle_gear_1/Middle_gear_1_com                                                 
NAMEMAP   HIEROBJECT28        7    30   UTF8 UTF8 ELEMENT                       
142/244                                                                         
Middle_shaft_and_gear_2/J007_i                                                  
NAMEMAP   HIEROBJECT29        51   51   UTF8 UTF8 ELEMENT                       
Middle_shaft_and_gear_2/Middle_shaft_and_gear_2_coi                             
Middle_shaft_and_gear_2/Middle_shaft_and_gear_2_coi                             
NAMEMAP   HIEROBJECT30        51   51   UTF8 UTF8 ELEMENT                       
Middle_shaft_and_gear_2/Middle_shaft_and_gear_2_com                             
Middle_shaft_and_gear_2/Middle_shaft_and_gear_2_com                             
NAMEMAP   HIEROBJECT31        6    28   UTF8 UTF8 ELEMENT                       
39/220                                                                          
Output_shaft_and_gear/J005_i                                                    
NAMEMAP   HIEROBJECT32        47   47   UTF8 UTF8 ELEMENT                       
Output_shaft_and_gear/Output_shaft_and_gear_coi                                 
Output_shaft_and_gear/Output_shaft_and_gear_coi                                 
NAMEMAP   HIEROBJECT33        47   47   UTF8 UTF8 ELEMENT                       
Output_shaft_and_gear/Output_shaft_and_gear_com                                 
Output_shaft_and_gear/Output_shaft_and_gear_com                                 
NAMEMAP   HIEROBJECT34        7    19   UTF8 UTF8 ELEMENT                       
118/169                                                                         
Speed_gear_2/J004_i                                                             
NAMEMAP   HIEROBJECT35        29   29   UTF8 UTF8 ELEMENT                       
Speed_gear_2/Speed_gear_2_coi                                                   
Speed_gear_2/Speed_gear_2_coi                                                   
NAMEMAP   HIEROBJECT36        29   29   UTF8 UTF8 ELEMENT                       
Speed_gear_2/Speed_gear_2_com                                                   
Speed_gear_2/Speed_gear_2_com                                                   
NAMEMAP   HIEROBJECT37        5    29   UTF8 UTF8 ELEMENT                       
15/98                                                                           
Speed_shaft_and_gear_1/J003_i                                                   
NAMEMAP   HIEROBJECT38        6    29   UTF8 UTF8 ELEMENT                       
15/170                                                                          
Speed_shaft_and_gear_1/J004_j                                                   
NAMEMAP   HIEROBJECT39        49   49   UTF8 UTF8 ELEMENT                       
Speed_shaft_and_gear_1/Speed_shaft_and_gear_1_coi                               
Speed_shaft_and_gear_1/Speed_shaft_and_gear_1_coi                               
NAMEMAP   HIEROBJECT40        49   49   UTF8 UTF8 ELEMENT                       
Speed_shaft_and_gear_1/Speed_shaft_and_gear_1_com                               
Speed_shaft_and_gear_1/Speed_shaft_and_gear_1_com                               
NAMEMAP   HIEROBJECT41        4    17   UTF8 UTF8 ELEMENT                       
2/61                                                                            
the_ground/J001_j                                                               
NAMEMAP   HIEROBJECT42        4    17   UTF8 UTF8 ELEMENT                       
2/99                                                                            
the_ground/J003_j                                                               
NAMEMAP   HIEROBJECT43        5    17   UTF8 UTF8 ELEMENT                       
2/221                                                                           
the_ground/J005_j                                                               
NAMEMAP   HIEROBJECT44        5    17   UTF8 UTF8 ELEMENT                       
2/199                                                                           
the_ground/J006_j                                                               
NAMEMAP   HIEROBJECT45        1    14   UTF8 UTF8 ELEMENT                       
1                                                                               
the_ground/gnd                                                                  
NAMEMAP   CURRENT_DIRECTORY   64   0    UTF8 UTF8 FILE                          
C:\Users\diogo\OneDrive\Área de Trabalho\Gear-Box-Simulation-NX                
SYSTEM   GMILLIMETER          STATIC/DYNAMIC      SPARSE    FULL_NCBF      TRUE 
9.8066500000000E+03 0.000000000000E+00  0.000000000000E+00  -1.000000000000E+00 
1.0000000000000E+00 0.000000000000E+00  2.0000000000000E+00 2.0000000000000E-03 
1.0000000000000E-09 1.0000000000000E-03 NULL_FALSEBINARY_ONLFALSEKILOGNEWTO    1
NONE                NONE                    1NONE                TRUE ITERAFALSE
NONE                NONE                                                        
NONE                                                                            
HEADER                                                                          
SET_IASIZE =    5000000;                                                        
SET_DASIZE =    5000000;                                                        
SDK_BUILD_INFO = RC2007P1400_rc1 2021-09-29                                     
END                                                                             
STATIC   C1.0000000000000E-03 1.0000000000000E-03 5.0000000000000E-02 NEWTNGLOBA
FALSEFALSE0.000000000000E+00  0.000000000000E+00  FINITHARWE1.0000000000000E-35 
   209.0000000000000E-01 NONE                 2000FALSE     FALSE               
7.0000000000000E-01 5.0000000000000E-01 3.0000000000000E+00 INDEPENDENT         
3.0000000000000E+00 INDEPENDENT         NONE                NONE                
DYNAMIC  ETRUE      INTERPOLATED        GLOBAL    BDF           1     HARWELL   
5.0000000000000E-02 1.0000000000000E-03 1.0000000000000E-03 1.0000000000000E-03 
NONE                QR       1TRUE                                              
NCBF     EBODY1_REF           BODY1               PARAMETERSPOSITIVE            
HIEROBJECT1                                                                     
0.000000000000E+00  0.000000000000E+00  0.000000000000E+00                      
BODY     EBODY1               POSITIVE  PARAMETERSFALSEFALSEFALSEFALSE          
NONE                NONE                NONE                                    
NONE                NONE                NONE                                    
HIEROBJECT2                                                                     
0.000000000000E+00  0.000000000000E+00  0.000000000000E+00                      
1.5981471040000E-02 8.5092000000000E-01 5.4561000000000E-01 5.4561000000000E-01 
0.000000000000E+00  0.000000000000E+00  0.000000000000E+00                      
0.000000000000E+00  0.000000000000E+00  0.000000000000E+00  FALSE               
0.000000000000E+00  0.000000000000E+00  0.000000000000E+00                      
NCBF     EBODY2_REF           BODY2               PARAMETERSPOSITIVE            
HIEROBJECT3                                                                     
0.000000000000E+00  0.000000000000E+00  0.000000000000E+00                      
BODY     EBODY2               POSITIVE  PARAMETERSFALSEFALSEFALSEFALSE          
NONE                NONE                NONE                                    
NONE                NONE                NONE                                    
HIEROBJECT4                                                                     
0.000000000000E+00  0.000000000000E+00  0.000000000000E+00                      
1.8661365850000E-02 2.7103100000000E+00 2.6650200000000E+00 2.0396000000000E-01 
0.000000000000E+00  0.000000000000E+00  0.000000000000E+00                      
0.000000000000E+00  0.000000000000E+00  0.000000000000E+00  FALSE               
0.000000000000E+00  0.000000000000E+00  0.000000000000E+00                      
NCBF     EBODY3_REF           BODY3               PARAMETERSPOSITIVE            
HIEROBJECT5                                                                     
0.000000000000E+00  0.000000000000E+00  0.000000000000E+00                      
BODY     EBODY3               POSITIVE  PARAMETERSFALSEFALSEFALSEFALSE          
NONE                NONE                NONE                                    
NONE                NONE                NONE                                    
HIEROBJECT6                                                                     
0.000000000000E+00  0.000000000000E+00  0.000000000000E+00                      
1.6427337468000E-01 7.3514310000000E+01 3.7820000000000E+01 3.7797070000000E+01 
0.000000000000E+00  0.000000000000E+00  0.000000000000E+00                      
0.000000000000E+00  0.000000000000E+00  0.000000000000E+00  FALSE               
0.000000000000E+00  0.000000000000E+00  0.000000000000E+00                      
NCBF     EBODY4_REF           BODY4               PARAMETERSPOSITIVE            
HIEROBJECT7                                                                     
0.000000000000E+00  0.000000000000E+00  0.000000000000E+00                      
BODY     EBODY4               POSITIVE  PARAMETERSFALSEFALSEFALSEFALSE          
NONE                NONE                NONE                                    
NONE                NONE                NONE                                    
HIEROBJECT8                                                                     
0.000000000000E+00  0.000000000000E+00  0.000000000000E+00                      
3.5051021680000E-02 3.1360100000000E+00 3.1167400000000E+00 1.1393400000000E+00 
0.000000000000E+00  0.000000000000E+00  0.000000000000E+00                      
0.000000000000E+00  0.000000000000E+00  0.000000000000E+00  FALSE               
0.000000000000E+00  0.000000000000E+00  0.000000000000E+00                      
NCBF     EBODY5_REF           BODY5               PARAMETERSPOSITIVE            
HIEROBJECT9                                                                     
0.000000000000E+00  0.000000000000E+00  0.000000000000E+00                      
BODY     EBODY5               POSITIVE  PARAMETERSFALSEFALSEFALSEFALSE          
NONE                NONE                NONE                                    
NONE                NONE                NONE                                    
HIEROBJECT10                                                                    
0.000000000000E+00  0.000000000000E+00  0.000000000000E+00                      
1.8927809105000E-01 7.3841680000000E+01 4.5898460000000E+01 4.5894210000000E+01 
