HIEROBJ  EWORLD                                             NONE                
ROOT                                                                            
1.0000000000000E+00 0.000000000000E+00  0.000000000000E+00  0.000000000000E+00  
0.000000000000E+00  1.0000000000000E+00 0.000000000000E+00  0.000000000000E+00  
0.000000000000E+00  0.000000000000E+00  1.0000000000000E+00 0.000000000000E+00  
0.000000000000E+00  0.000000000000E+00  0.000000000000E+00  1.0000000000000E+00 
HIEROBJ  EHIEROBJECT1                                       NONE                
BODYNCBF  WORLD                                   BODY1                         
1.0000000000000E+00 0.000000000000E+00  0.000000000000E+00  0.000000000000E+00  
0.000000000000E+00  1.0000000000000E+00 0.000000000000E+00  0.000000000000E+00  
0.000000000000E+00  0.000000000000E+00  1.0000000000000E+00 0.000000000000E+00  
0.000000000000E+00  0.000000000000E+00  0.000000000000E+00  1.0000000000000E+00 
HIEROBJ  EHIEROBJECT2                                       NONE                
CGTRIAD   HIEROBJECT1                                                           
4.1091761092168E-03 2.5948800747086E-01 9.6573758788322E-01 0.000000000000E+00  
2.0681945919131E-07 9.6574574116404E-01 -2.594901990895E-01 0.000000000000E+00  
-9.999915573002E-01 1.0664906599999E-03 3.9683656599997E-03 0.000000000000E+00  
-2.860420492900E+02 -4.419821048000E+01 1.7520604370000E+01 1.0000000000000E+00 
HIEROBJ  EHIEROBJECT3                                       NONE                
BODYNCBF  WORLD                                   BODY2                         
1.0000000000000E+00 0.000000000000E+00  0.000000000000E+00  0.000000000000E+00  
0.000000000000E+00  1.0000000000000E+00 0.000000000000E+00  0.000000000000E+00  
0.000000000000E+00  0.000000000000E+00  1.0000000000000E+00 0.000000000000E+00  
0.000000000000E+00  0.000000000000E+00  0.000000000000E+00  1.0000000000000E+00 
HIEROBJ  EHIEROBJECT4                                       NONE                
CGTRIAD   HIEROBJECT3                                                           
9.9999999524611E-01 -1.983136581829E-05 -9.546983879294E-05 0.000000000000E+00  
9.7507810908224E-05 2.0339357556204E-01 9.7909705540989E-01 0.000000000000E+00  
1.1199929872355E-09 -9.790970600644E-01 2.0339357652884E-01 0.000000000000E+00  
-2.563262053500E+02 -4.420337541000E+01 1.7501781480000E+01 1.0000000000000E+00 
HIEROBJ  EHIEROBJECT5                                       NONE                
BODYNCBF  WORLD                                   BODY3                         
1.0000000000000E+00 0.000000000000E+00  0.000000000000E+00  0.000000000000E+00  
0.000000000000E+00  1.0000000000000E+00 0.000000000000E+00  0.000000000000E+00  
0.000000000000E+00  0.000000000000E+00  1.0000000000000E+00 0.000000000000E+00  
0.000000000000E+00  0.000000000000E+00  0.000000000000E+00  1.0000000000000E+00 
HIEROBJ  EHIEROBJECT6                                       NONE                
CGTRIAD   HIEROBJECT5                                                           
9.9999954500406E-01 -9.183976203599E-04 -2.579486087303E-04 0.000000000000E+00  
9.5393483730731E-04 9.6274620633454E-01 2.7040494114710E-01 0.000000000000E+00  
-2.099986851079E-10 -2.704050641801E-01 9.6274664438041E-01 0.000000000000E+00  
-2.369005303300E+02 -5.198447040000E+00 1.7501488150000E+01 1.0000000000000E+00 
HIEROBJ  EHIEROBJECT7                                       NONE                
BODYNCBF  WORLD                                   BODY4                         
1.0000000000000E+00 0.000000000000E+00  0.000000000000E+00  0.000000000000E+00  
0.000000000000E+00  1.0000000000000E+00 0.000000000000E+00  0.000000000000E+00  
0.000000000000E+00  0.000000000000E+00  1.0000000000000E+00 0.000000000000E+00  
0.000000000000E+00  0.000000000000E+00  0.000000000000E+00  1.0000000000000E+00 
HIEROBJ  EHIEROBJECT8                                       NONE                
CGTRIAD   HIEROBJECT7                                                           
9.9999999524623E-01 -6.691829295214E-05 7.0918797213392E-05 0.000000000000E+00  
-9.750658299531E-05 -6.863066876090E-01 7.2731225827397E-01 0.000000000000E+00  
1.5500378758337E-09 -7.273122617315E-01 -6.863066908715E-01 0.000000000000E+00  
-2.763262053500E+02 -5.202496740000E+00 1.7498676640000E+01 1.0000000000000E+00 
HIEROBJ  EHIEROBJECT9                                       NONE                
BODYNCBF  WORLD                                   BODY5                         
1.0000000000000E+00 0.000000000000E+00  0.000000000000E+00  0.000000000000E+00  
0.000000000000E+00  1.0000000000000E+00 0.000000000000E+00  0.000000000000E+00  
0.000000000000E+00  0.000000000000E+00  1.0000000000000E+00 0.000000000000E+00  
0.000000000000E+00  0.000000000000E+00  0.000000000000E+00  1.0000000000000E+00 
HIEROBJ  EHIEROBJECT10                                      NONE                
CGTRIAD   HIEROBJECT9                                                           
1.0000000000000E+00 0.000000000000E+00  0.000000000000E+00  0.000000000000E+00  
0.000000000000E+00  1.0000000000000E+00 0.000000000000E+00  0.000000000000E+00  
0.000000000000E+00  0.000000000000E+00  1.0000000000000E+00 0.000000000000E+00  
0.000000000000E+00  0.000000000000E+00  0.000000000000E+00  1.0000000000000E+00 
HIEROBJ  EHIEROBJECT11                                      NONE                
JFCTRIAD  HIEROBJECT1                                                           
4.1091761092164E-03 2.5948800747086E-01 9.6573758788322E-01 0.000000000000E+00  
2.0681945924221E-07 9.6574574116404E-01 -2.594901990895E-01 0.000000000000E+00  
-9.999915573002E-01 1.0664906599999E-03 3.9683656599994E-03 0.000000000000E+00  
0.000000000000E+00  0.000000000000E+00  0.000000000000E+00  1.0000000000000E+00 
HIEROBJ  EHIEROBJECT12                                      NONE                
JFCTRIAD  HIEROBJECT1                                                           
4.1091761092164E-03 2.5948800747086E-01 9.6573758788322E-01 0.000000000000E+00  
2.0681945924221E-07 9.6574574116404E-01 -2.594901990895E-01 0.000000000000E+00  
-9.999915573002E-01 1.0664906599999E-03 3.9683656599994E-03 0.000000000000E+00  
-2.860420492900E+02 -4.419821048000E+01 1.7520604370000E+01 1.0000000000000E+00 
HIEROBJ  EHIEROBJECT13                                      NONE                
JFCTRIAD  HIEROBJECT1                                                           
2.2204460492503E-16 0.000000000000E+00  -1.000000000000E+00 0.000000000000E+00  
0.000000000000E+00  1.0000000000000E+00 0.000000000000E+00  0.000000000000E+00  
1.0000000000000E+00 0.000000000000E+00  2.2204460492503E-16 0.000000000000E+00  
-2.938114163030E+02 -4.420374549010E+01 1.7499999999998E+01 1.0000000000000E+00 
HIEROBJ  EHIEROBJECT14                                      NONE                
JFCTRIAD  HIEROBJECT3                                                           
2.2204460492503E-16 0.000000000000E+00  -1.000000000000E+00 0.000000000000E+00  
0.000000000000E+00  1.0000000000000E+00 0.000000000000E+00  0.000000000000E+00  
1.0000000000000E+00 0.000000000000E+00  2.2204460492503E-16 0.000000000000E+00  
-2.488114163030E+02 -4.420374549010E+01 1.7500000000000E+01 1.0000000000000E+00 
HIEROBJ  EHIEROBJECT15                                      NONE                
JFCTRIAD  HIEROBJECT3                                                           
9.9999999524611E-01 -1.983136581829E-05 -9.546983879294E-05 0.000000000000E+00  
9.7507810908224E-05 2.0339357556204E-01 9.7909705540989E-01 0.000000000000E+00  
1.1199929872419E-09 -9.790970600644E-01 2.0339357652884E-01 0.000000000000E+00  
0.000000000000E+00  0.000000000000E+00  0.000000000000E+00  1.0000000000000E+00 
HIEROBJ  EHIEROBJECT16                                      NONE                
JFCTRIAD  HIEROBJECT3                                                           
9.9999999524611E-01 -1.983136581829E-05 -9.546983879294E-05 0.000000000000E+00  
9.7507810908224E-05 2.0339357556204E-01 9.7909705540989E-01 0.000000000000E+00  
1.1199929872419E-09 -9.790970600644E-01 2.0339357652884E-01 0.000000000000E+00  
-2.563262053500E+02 -4.420337541000E+01 1.7501781480000E+01 1.0000000000000E+00 
HIEROBJ  EHIEROBJECT17                                      NONE                
JFCTRIAD  HIEROBJECT5                                                           
2.2204460492503E-16 0.000000000000E+00  1.0000000000000E+00 0.000000000000E+00  
0.000000000000E+00  1.0000000000000E+00 0.000000000000E+00  0.000000000000E+00  
-1.000000000000E+00 0.000000000000E+00  2.2204460492503E-16 0.000000000000E+00  
-2.388114163030E+02 -5.203745490105E+00 1.7500000000000E+01 1.0000000000000E+00 
HIEROBJ  EHIEROBJECT18                                      NONE                
JFCTRIAD  HIEROBJECT5                                                           
9.9999954500406E-01 -9.183976203599E-04 -2.579486087303E-04 0.000000000000E+00  
9.5393483730731E-04 9.6274620633454E-01 2.7040494114710E-01 0.000000000000E+00  
-2.099986851078E-10 -2.704050641801E-01 9.6274664438041E-01 0.000000000000E+00  
0.000000000000E+00  0.000000000000E+00  0.000000000000E+00  1.0000000000000E+00 
HIEROBJ  EHIEROBJECT19                                      NONE                
JFCTRIAD  HIEROBJECT5                                                           
9.9999954500406E-01 -9.183976203599E-04 -2.579486087303E-04 0.000000000000E+00  
9.5393483730731E-04 9.6274620633454E-01 2.7040494114710E-01 0.000000000000E+00  
-2.099986851078E-10 -2.704050641801E-01 9.6274664438041E-01 0.000000000000E+00  
-2.369005303300E+02 -5.198447040000E+00 1.7501488150000E+01 1.0000000000000E+00 
HIEROBJ  EHIEROBJECT20                                      NONE                
JFCTRIAD  HIEROBJECT7                                                           
2.2204460492503E-16 0.000000000000E+00  1.0000000000000E+00 0.000000000000E+00  
0.000000000000E+00  1.0000000000000E+00 0.000000000000E+00  0.000000000000E+00  
-1.000000000000E+00 0.000000000000E+00  2.2204460492503E-16 0.000000000000E+00  
-2.688114163030E+02 -5.203745490105E+00 1.7500000000000E+01 1.0000000000000E+00 
HIEROBJ  EHIEROBJECT21                                      NONE                
JFCTRIAD  HIEROBJECT7                                                           
9.9999999524623E-01 -6.691829295214E-05 7.0918797213392E-05 0.000000000000E+00  
-9.750658299531E-05 -6.863066876090E-01 7.2731225827397E-01 0.000000000000E+00  
1.5500378758372E-09 -7.273122617315E-01 -6.863066908715E-01 0.000000000000E+00  
0.000000000000E+00  0.000000000000E+00  0.000000000000E+00  1.0000000000000E+00 
HIEROBJ  EHIEROBJECT22                                      NONE                
JFCTRIAD  HIEROBJECT7                                                           
9.9999999524623E-01 -6.691829295215E-05 7.0918797213392E-05 0.000000000000E+00  
-9.750658299531E-05 -6.863066876090E-01 7.2731225827397E-01 0.000000000000E+00  
1.5500378758304E-09 -7.273122617315E-01 -6.863066908715E-01 0.000000000000E+00  
-2.763262053500E+02 -5.202496740000E+00 1.7498676640000E+01 1.0000000000000E+00 
HIEROBJ  EHIEROBJECT23                                      NONE                
JFCTRIAD  HIEROBJECT9                                                           
2.2204460492503E-16 0.000000000000E+00  -1.000000000000E+00 0.000000000000E+00  
0.000000000000E+00  1.0000000000000E+00 0.000000000000E+00  0.000000000000E+00  
1.0000000000000E+00 0.000000000000E+00  2.2204460492503E-16 0.000000000000E+00  
-2.938114163030E+02 -4.420374549010E+01 1.7499999999998E+01 1.0000000000000E+00 
HIEROBJ  EHIEROBJECT24                                      NONE                
JFCTRIAD  HIEROBJECT9                                                           
2.2204460492503E-16 0.000000000000E+00  1.0000000000000E+00 0.000000000000E+00  
0.000000000000E+00  1.0000000000000E+00 0.000000000000E+00  0.000000000000E+00  
-1.000000000000E+00 0.000000000000E+00  2.2204460492503E-16 0.000000000000E+00  
-2.688114163030E+02 -5.203745490105E+00 1.7500000000000E+01 1.0000000000000E+00 
HIEROBJ  EHIEROBJECT25                                      NONE                
JFCTRIAD  HIEROBJECT9                                                           
2.2204460492503E-16 0.000000000000E+00  -1.000000000000E+00 0.000000000000E+00  
0.000000000000E+00  1.0000000000000E+00 0.000000000000E+00  0.000000000000E+00  
1.0000000000000E+00 0.000000000000E+00  2.2204460492503E-16 0.000000000000E+00  
-2.488114163030E+02 -4.420374549010E+01 1.7500000000000E+01 1.0000000000000E+00 
HIEROBJ  EHIEROBJECT26                                      NONE                
JFCTRIAD  HIEROBJECT9                                                           
2.2204460492503E-16 0.000000000000E+00  1.0000000000000E+00 0.000000000000E+00  
0.000000000000E+00  1.0000000000000E+00 0.000000000000E+00  0.000000000000E+00  
-1.000000000000E+00 0.000000000000E+00  2.2204460492503E-16 0.000000000000E+00  
-2.388114163030E+02 -5.203745490105E+00 1.7500000000000E+01 1.0000000000000E+00 
HIEROBJ  EHIEROBJECT27                                      NONE                
JFCTRIAD  HIEROBJECT9                                                           
1.0000000000000E+00 0.000000000000E+00  0.000000000000E+00  0.000000000000E+00  
0.000000000000E+00  1.0000000000000E+00 0.000000000000E+00  0.000000000000E+00  
0.000000000000E+00  0.000000000000E+00  1.0000000000000E+00 0.000000000000E+00  
0.000000000000E+00  0.000000000000E+00  0.000000000000E+00  1.0000000000000E+00 
NAMEMAP   WORLD               5    5    UTF8 UTF8 ELEMENT                       
WORLD                                                                           
WORLD                                                                           
NAMEMAP   HIEROBJECT1         46   46   UTF8 UTF8 ELEMENT                       
Input_shaft_and_gear/Input_shaft_and_gear_NCBF                                  
Input_shaft_and_gear/Input_shaft_and_gear_NCBF                                  
NAMEMAP   HIEROBJECT2         44   44   UTF8 UTF8 ELEMENT                       
Input_shaft_and_gear/Input_shaft_and_gear_cm                                    
Input_shaft_and_gear/Input_shaft_and_gear_cm                                    
NAMEMAP   HIEROBJECT3         50   50   UTF8 UTF8 ELEMENT                       
Middle_shaft_and_gears/Middle_shaft_and_gears_NCBF                              
Middle_shaft_and_gears/Middle_shaft_and_gears_NCBF                              
NAMEMAP   HIEROBJECT4         48   48   UTF8 UTF8 ELEMENT                       
Middle_shaft_and_gears/Middle_shaft_and_gears_cm                                
Middle_shaft_and_gears/Middle_shaft_and_gears_cm                                
NAMEMAP   HIEROBJECT5         48   48   UTF8 UTF8 ELEMENT                       
Output_shaft_and_gear/Output_shaft_and_gear_NCBF                                
Output_shaft_and_gear/Output_shaft_and_gear_NCBF                                
NAMEMAP   HIEROBJECT6         46   46   UTF8 UTF8 ELEMENT                       
Output_shaft_and_gear/Output_shaft_and_gear_cm                                  
Output_shaft_and_gear/Output_shaft_and_gear_cm                                  
NAMEMAP   HIEROBJECT7         48   48   UTF8 UTF8 ELEMENT                       
Speed_shaft_and_gears/Speed_shaft_and_gears_NCBF                                
Speed_shaft_and_gears/Speed_shaft_and_gears_NCBF                                
NAMEMAP   HIEROBJECT8         46   46   UTF8 UTF8 ELEMENT                       
Speed_shaft_and_gears/Speed_shaft_and_gears_cm                                  
Speed_shaft_and_gears/Speed_shaft_and_gears_cm                                  
NAMEMAP   HIEROBJECT9         26   26   UTF8 UTF8 ELEMENT                       
the_ground/the_ground_NCBF                                                      
the_ground/the_ground_NCBF                                                      
NAMEMAP   HIEROBJECT10        13   13   UTF8 UTF8 ELEMENT                       
the_ground_cm                                                                   
the_ground_cm                                                                   
NAMEMAP   HIEROBJECT11        45   45   UTF8 UTF8 ELEMENT                       
Input_shaft_and_gear/Input_shaft_and_gear_coi                                   
Input_shaft_and_gear/Input_shaft_and_gear_coi                                   
NAMEMAP   HIEROBJECT12        45   45   UTF8 UTF8 ELEMENT                       
Input_shaft_and_gear/Input_shaft_and_gear_com                                   
Input_shaft_and_gear/Input_shaft_and_gear_com                                   
NAMEMAP   HIEROBJECT13        4    27   UTF8 UTF8 ELEMENT                       
3/60                                                                            
Input_shaft_and_gear/J001_i                                                     
NAMEMAP   HIEROBJECT14        6    29   UTF8 UTF8 ELEMENT                       
27/108                                                                          
Middle_shaft_and_gears/J003_i                                                   
NAMEMAP   HIEROBJECT15        49   49   UTF8 UTF8 ELEMENT                       
Middle_shaft_and_gears/Middle_shaft_and_gears_coi                               
Middle_shaft_and_gears/Middle_shaft_and_gears_coi                               
NAMEMAP   HIEROBJECT16        49   49   UTF8 UTF8 ELEMENT                       
Middle_shaft_and_gears/Middle_shaft_and_gears_com                               
Middle_shaft_and_gears/Middle_shaft_and_gears_com                               
NAMEMAP   HIEROBJECT17        6    28   UTF8 UTF8 ELEMENT                       
39/144                                                                          
Output_shaft_and_gear/J004_i                                                    
NAMEMAP   HIEROBJECT18        47   47   UTF8 UTF8 ELEMENT                       
Output_shaft_and_gear/Output_shaft_and_gear_coi                                 
Output_shaft_and_gear/Output_shaft_and_gear_coi                                 
NAMEMAP   HIEROBJECT19        47   47   UTF8 UTF8 ELEMENT                       
Output_shaft_and_gear/Output_shaft_and_gear_com                                 
Output_shaft_and_gear/Output_shaft_and_gear_com                                 
NAMEMAP   HIEROBJECT20        5    28   UTF8 UTF8 ELEMENT                       
15/84                                                                           
Speed_shaft_and_gears/J002_i                                                    
NAMEMAP   HIEROBJECT21        47   47   UTF8 UTF8 ELEMENT                       
Speed_shaft_and_gears/Speed_shaft_and_gears_coi                                 
Speed_shaft_and_gears/Speed_shaft_and_gears_coi                                 
NAMEMAP   HIEROBJECT22        47   47   UTF8 UTF8 ELEMENT                       
Speed_shaft_and_gears/Speed_shaft_and_gears_com                                 
Speed_shaft_and_gears/Speed_shaft_and_gears_com                                 
NAMEMAP   HIEROBJECT23        4    17   UTF8 UTF8 ELEMENT                       
2/61                                                                            
the_ground/J001_j                                                               
NAMEMAP   HIEROBJECT24        4    17   UTF8 UTF8 ELEMENT                       
2/85                                                                            
the_ground/J002_j                                                               
NAMEMAP   HIEROBJECT25        5    17   UTF8 UTF8 ELEMENT                       
2/109                                                                           
the_ground/J003_j                                                               
NAMEMAP   HIEROBJECT26        5    17   UTF8 UTF8 ELEMENT                       
2/145                                                                           
the_ground/J004_j                                                               
NAMEMAP   HIEROBJECT27        1    14   UTF8 UTF8 ELEMENT                       
1                                                                               
the_ground/gnd                                                                  
NAMEMAP   CURRENT_DIRECTORY   44   0    UTF8 UTF8 FILE                          
C:\Users\Acer\Desktop\Gear-Box-Simulation-NX                                    
SYSTEM   GMILLIMETER          STATIC/DYNAMIC      SPARSE    FULL_NCBF      TRUE 
9.8066500000000E+03 0.000000000000E+00  0.000000000000E+00  -1.000000000000E+00 
1.0000000000000E+00 0.000000000000E+00  5.0000000000000E+00 1.6666666666667E-02 
1.0000000000000E-09 1.0000000000000E-03 NULL_FALSEBINARY_ONLFALSEKILOGNEWTO    1
NONE                NONE                    1NONE                TRUE ITERAFALSE
NONE                NONE                                                        
NONE                                                                            
HEADER                                                                          
SET_IASIZE =    5000000;                                                        
SET_DASIZE =    5000000;                                                        
SDK_BUILD_INFO = RC2007P1400_rc1 2021-09-29                                     
END                                                                             
STATIC   C1.0000000000000E-03 1.0000000000000E-03 5.0000000000000E-02 NEWTNGLOBA
FALSEFALSE0.000000000000E+00  0.000000000000E+00  FINITHARWE1.0000000000000E-35 
   209.0000000000000E-01 NONE                 2000FALSE     FALSE               
7.0000000000000E-01 5.0000000000000E-01 3.0000000000000E+00 INDEPENDENT         
3.0000000000000E+00 INDEPENDENT         NONE                NONE                
DYNAMIC  ETRUE      INTERPOLATED        GLOBAL    BDF           1     HARWELL   
5.0000000000000E-02 1.0000000000000E-03 1.0000000000000E-03 1.0000000000000E-03 
NONE                QR       1TRUE                                              
NCBF     EBODY1_REF           BODY1               PARAMETERSPOSITIVE            
HIEROBJECT1                                                                     
0.000000000000E+00  0.000000000000E+00  0.000000000000E+00                      
BODY     EBODY1               POSITIVE  PARAMETERSFALSEFALSEFALSEFALSE          
NONE                NONE                NONE                                    
NONE                NONE                NONE                                    
HIEROBJECT2                                                                     
0.000000000000E+00  0.000000000000E+00  0.000000000000E+00                      
4.0522100000000E-06 5.6000000000000E-04 5.6000000000000E-04 1.2000000000000E-04 
0.000000000000E+00  0.000000000000E+00  0.000000000000E+00                      
0.000000000000E+00  0.000000000000E+00  0.000000000000E+00  FALSE               
0.000000000000E+00  0.000000000000E+00  0.000000000000E+00                      
NCBF     EBODY2_REF           BODY2               PARAMETERSPOSITIVE            
HIEROBJECT3                                                                     
0.000000000000E+00  0.000000000000E+00  0.000000000000E+00                      
BODY     EBODY2               POSITIVE  PARAMETERSFALSEFALSEFALSEFALSE          
NONE                NONE                NONE                                    
NONE                NONE                NONE                                    
HIEROBJECT4                                                                     
0.000000000000E+00  0.000000000000E+00  0.000000000000E+00                      
2.5459750000000E-05 9.5400000000000E-03 5.9700000000000E-03 5.9700000000000E-03 
0.000000000000E+00  0.000000000000E+00  0.000000000000E+00                      
0.000000000000E+00  0.000000000000E+00  0.000000000000E+00  FALSE               
0.000000000000E+00  0.000000000000E+00  0.000000000000E+00                      
NCBF     EBODY3_REF           BODY3               PARAMETERSPOSITIVE            
HIEROBJECT5                                                                     
0.000000000000E+00  0.000000000000E+00  0.000000000000E+00                      
BODY     EBODY3               POSITIVE  PARAMETERSFALSEFALSEFALSEFALSE          
NONE                NONE                NONE                                    
NONE                NONE                NONE                                    
HIEROBJECT6                                                                     
0.000000000000E+00  0.000000000000E+00  0.000000000000E+00                      
2.4176530000000E-05 9.4300000000000E-03 5.8600000000000E-03 5.8600000000000E-03 
0.000000000000E+00  0.000000000000E+00  0.000000000000E+00                      
0.000000000000E+00  0.000000000000E+00  0.000000000000E+00  FALSE               
0.000000000000E+00  0.000000000000E+00  0.000000000000E+00                      
NCBF     EBODY4_REF           BODY4               PARAMETERSPOSITIVE            
HIEROBJECT7                                                                     
0.000000000000E+00  0.000000000000E+00  0.000000000000E+00                      
BODY     EBODY4               POSITIVE  PARAMETERSFALSEFALSEFALSEFALSE          
NONE                NONE                NONE                                    
NONE                NONE                NONE                                    
HIEROBJECT8                                                                     
0.000000000000E+00  0.000000000000E+00  0.000000000000E+00                      
2.5459750000000E-05 9.5400000000000E-03 5.9700000000000E-03 5.9700000000000E-03 
0.000000000000E+00  0.000000000000E+00  0.000000000000E+00                      
0.000000000000E+00  0.000000000000E+00  0.000000000000E+00  FALSE               
0.000000000000E+00  0.000000000000E+00  0.000000000000E+00                      
NCBF     EBODY5_REF           BODY5               PARAMETERSPOSITIVE            
HIEROBJECT9                                                                     
0.000000000000E+00  0.000000000000E+00  0.000000000000E+00                      
BODY     EBODY5               POSITIVE  PARAMETERSTRUE FALSEFALSEFALSE          
NONE                NONE                NONE                                    
NONE                NONE                NONE                                    
HIEROBJECT10                                                                    
0.000000000000E+00  0.000000000000E+00  0.000000000000E+00                      
1.0000000000000E+00 1.0000000000000E+06 1.0000000000000E+06 1.0000000000000E+06 
0.000000000000E+00  0.000000000000E+00  0.000000000000E+00                      
0.000000000000E+00  0.000000000000E+00  0.000000000000E+00  FALSE               
0.000000000000E+00  0.000000000000E+00  0.000000000000E+00                      
REVOLUTE EREVOLUTE_JOINT1     BODY5               BODY1                         
HIEROBJECT23                                                                    
HIEROBJECT13                                                                    
0.000000000000E+00  0.000000000000E+00  1.0000000000000E+00                     
0.000000000000E+00  0.000000000000E+00  1.0000000000000E+00                     
1.0000000000000E+00 0.000000000000E+00  0.000000000000E+00                      
1.0000000000000E+00 0.000000000000E+00  0.000000000000E+00                      
REVOLUTE EREVOLUTE_JOINT2     BODY5               BODY4                         
HIEROBJECT24                                                                    
HIEROBJECT20                                                                    
0.000000000000E+00  0.000000000000E+00  1.0000000000000E+00                     
0.000000000000E+00  0.000000000000E+00  1.0000000000000E+00                     
1.0000000000000E+00 0.000000000000E+00  0.000000000000E+00                      
1.0000000000000E+00 0.000000000000E+00  0.000000000000E+00                      
REVOLUTE EREVOLUTE_JOINT3     BODY5               BODY2                         
HIEROBJECT25                                                                    
HIEROBJECT14                                                                    
0.000000000000E+00  0.000000000000E+00  1.0000000000000E+00                     
0.000000000000E+00  0.000000000000E+00  1.0000000000000E+00                     
1.0000000000000E+00 0.000000000000E+00  0.000000000000E+00                      
1.0000000000000E+00 0.000000000000E+00  0.000000000000E+00                      
REVOLUTE EREVOLUTE_JOINT4     BODY5               BODY3                         
HIEROBJECT26                                                                    
HIEROBJECT17                                                                    
0.000000000000E+00  0.000000000000E+00  1.0000000000000E+00                     
0.000000000000E+00  0.000000000000E+00  1.0000000000000E+00                     
1.0000000000000E+00 0.000000000000E+00  0.000000000000E+00                      
1.0000000000000E+00 0.000000000000E+00  0.000000000000E+00                      
DRIVER   GDRIVER_JOINT1       NONE                NONE                POSIT     
REL.ANGLE POLYNOMIAL          NONE                REVOLUTE_JOINT1               
0.000000000000E+00  0.000000000000E+00  0.000000000000E+00  NONE                
0.000000000000E+00  0.000000000000E+00  0.000000000000E+00  NONE                
0.000000000000E+00  0.000000000000E+00  1.0000000000000E+00                     
0.000000000000E+00  0.000000000000E+00  1.0000000000000E+00 0.000000000000E+00  
1.0000000000000E+00 0.000000000000E+00  0.000000000000E+00                      
1.0000000000000E+00 0.000000000000E+00  0.000000000000E+00                      
0.000000000000E+00  3.4906585039887E+00 0.000000000000E+00  0.000000000000E+00  
NONE                                                        ACTIV               
UNUSED                                                                          
UNUSED                                                                          
UNUSED                                                                          
UNUSED                                                                          
UNUSED                                                                          
UNUSED                                                                          
UNUSED                                                                          
NAMEMAP   SYSTEM_DATA1        11   11   UTF8 UTF8 ELEMENT                       
Mandatory:1                                                                     
Mandatory:1                                                                     
NAMEMAP   STATIC_DATA1        11   11   UTF8 UTF8 ELEMENT                       
Mandatory:4                                                                     
Mandatory:4                                                                     
NAMEMAP   DYNAMIC_DATA1       11   11   UTF8 UTF8 ELEMENT                       
Mandatory:2                                                                     
Mandatory:2                                                                     
NAMEMAP   BODY1               20   20   UTF8 UTF8 ELEMENT                       
Input_shaft_and_gear                                                            
Input_shaft_and_gear                                                            
NAMEMAP   BODY1_REF           24   24   UTF8 UTF8 ELEMENT                       
Input_shaft_and_gear_REF                                                        
Input_shaft_and_gear_REF                                                        
NAMEMAP   BODY2               22   22   UTF8 UTF8 ELEMENT                       
Middle_shaft_and_gears                                                          
Middle_shaft_and_gears                                                          
NAMEMAP   BODY2_REF           26   26   UTF8 UTF8 ELEMENT                       
Middle_shaft_and_gears_REF                                                      
Middle_shaft_and_gears_REF                                                      
NAMEMAP   BODY3               21   21   UTF8 UTF8 ELEMENT                       
Output_shaft_and_gear                                                           
Output_shaft_and_gear                                                           
NAMEMAP   BODY3_REF           25   25   UTF8 UTF8 ELEMENT                       
Output_shaft_and_gear_REF                                                       
Output_shaft_and_gear_REF                                                       
NAMEMAP   BODY4               21   21   UTF8 UTF8 ELEMENT                       
Speed_shaft_and_gears                                                           
Speed_shaft_and_gears                                                           
NAMEMAP   BODY4_REF           25   25   UTF8 UTF8 ELEMENT                       
Speed_shaft_and_gears_REF                                                       
Speed_shaft_and_gears_REF                                                       
NAMEMAP   BODY5               10   10   UTF8 UTF8 ELEMENT                       
the_ground                                                                      
the_ground                                                                      
NAMEMAP   BODY5_REF           14   14   UTF8 UTF8 ELEMENT                       
the_ground_REF                                                                  
the_ground_REF                                                                  
NAMEMAP   REVOLUTE_JOINT1     4    4    UTF8 UTF8 ELEMENT                       
J001                                                                            
J001                                                                            
NAMEMAP   REVOLUTE_JOINT2     4    4    UTF8 UTF8 ELEMENT                       
J002                                                                            
J002                                                                            
NAMEMAP   REVOLUTE_JOINT3     4    4    UTF8 UTF8 ELEMENT                       
J003                                                                            
J003                                                                            
NAMEMAP   REVOLUTE_JOINT4     4    4    UTF8 UTF8 ELEMENT                       
J004                                                                            
J004                                                                            
NAMEMAP   DRIVER_JOINT1       14   14   UTF8 UTF8 ELEMENT                       
MOTION_J001_RZ                                                                  
MOTION_J001_RZ                                                                  
